Mine
0.625 0.526315789474 0.571428571429
1.0 0.842105263158 0.914285714286
0.571428571429 0.470588235294 0.516129032258
0.445600907 0.3261564626
0.6182086168 0.39936507935


0.333333333333 0.263157894737 0.294117647059
0.6 0.473684210526 0.529411764706
0.230769230769 0.176470588235 0.2
2.27918367 1.98884354
3.78043084 2.1293424


Foote
0.333333333333 0.157894736842 0.214285714286
0.777777777778 0.368421052632 0.5
0.142857142857 0.0588235294118 0.0833333333333
7.6706576 1.38011338
8.70265306 1.80861678