10.mp3	0.69155472517	0	0.00515463901684	0.0561855658889	4.68551683426	93.9074020386	169.229980469	0.0772399604321	False	11	3	True 
101.mp3	0.30188113451	0	0.00618556700647	0.0587628856301	10.0016450882	155.010726929	96.0867767334	0.0484037064016	False	1	1	False 
102.mp3	0.956140756607	0	0	0.00618556700647	1.75684416294	163.463317871	174.289413452	0.0514933057129	False	13	3	True 
103.mp3	0.890435934067	0	0.0206185560673	0.000515463936608	1.28239583969	150.763336182	119.323669434	0.0525231733918	True	11	11	True 
104.mp3	0.943603992462	0	0	0.000515463936608	1.43045115471	105.061607361	148.010787964	0.0267765186727	True	9	1	True 
105.mp3	0.924323618412	0	0.0319587625563	0.0376288667321	3.1857483387	108.092407227	256.591094971	0.0720906257629	True	1	1	True 
106.mp3	0.901728391647	0	0	0.0221763793379	3.5060608387	143.171524048	172.791503906	0.0453141108155	False	5	5	False 
107.mp3	0.945326507092	0	0	0.00103145954199	2.18948769569	117.022850037	181.275146484	0.0391349121928	False	5	5	False 
108.mp3	0.893552839756	0	0.0340206176043	0.0484536066651	4.25606584549	85.51612854	267.477661133	0.0422245115042	True	2	8	True 
109.mp3	0.950443744659	0	0	0.0170190818608	2.9336938858	163.235610962	116.855560303	0.0535530373454	False	12	12	True 
110.mp3	0.976103186607	0	0	0.000515729770996	1.3782453537	98.1825942993	139.920837402	0.0484037064016	False	11	12	True 
111.mp3	0.98611330986	0	0	0.0118617843837	1.13714754581	101.125289917	161.357833862	0.123583935201	True	3	11	True 
112.mp3	0.938562452793	0	0.00103145954199	0.0221763793379	2.86353945732	126.639656067	261.495727539	0.0988671481609	True	5	5	True 
113.mp3	0.983928442001	0	0.0123775145039	0.000515729770996	1.89458918571	98.3910140991	272.069641113	0.0823892876506	False	9	9	True 
114.mp3	0.938614606857	0	0.0330067053437	0.0226921085268	3.16439771652	92.4494171143	188.395706177	0.0566426366568	True	13	13	True 
115.mp3	0.824484586716	0	0	0.0247422680259	3.94496798515	131.634643555	271.810180664	0.0895983502269	True	13	13	True 
116.mp3	0.957465469837	0	0.0072164949961	0.00515463901684	3.97855257988	161.907608032	204.3777771	0.0587023682892	False	11	11	False 
117.mp3	0.817403256893	0	0	0.0804123729467	4.53401899338	119.505439758	153.739959717	0.0762100890279	True	8	8	True 
118.mp3	0.957091271877	0.00103092787322	0.0515463910997	0.00670103076845	2.40072798729	83.6787643433	313.143859863	0.119464471936	True	11	11	False 
119.mp3	0.316158771515	0	0.00103092787322	0.0463917516172	4.38937950134	80.8765182495	162.719390869	0.0370751805604	True	1	1	True 
12.mp3	0.954365968704	0	0.00618556700647	0.021649485454	2.34611988068	126.119346619	209.071960449	0.0432543754578	False	1	1	False 
120.mp3	0.23971670866	0	0.00515463901684	0.0335051529109	4.01704597473	103.492835999	143.507110596	0.0288362521678	False	9	9	False 
121.mp3	0.91922724247	0	0	0.068592056632	7.39580249786	96.9505844116	277.45010376	0.11225540936	False	9	4	True 
122.mp3	0.974093914032	0	0	0.00154639175162	1.91782701015	125.513633728	178.403549194	0.0484037064016	True	1	1	True 
123.mp3	0.967900156975	0	0	0.00206185574643	1.70492339134	118.522712708	374.243408203	0.0669412985444	False	1	4	True 
124.mp3	0.915577292442	0	0.00206291908398	0.00567302713171	3.34800839424	100.020996094	77.9332962036	0.0422245115042	True	11	11	True 
125.mp3	0.661502957344	0	0	0.0211449209601	3.54015779495	142.480377197	143.332366943	0.0648815631866	False	3	3	True 
126.mp3	0.961924850941	0	0.0072164949961	0.00154639175162	1.73369586468	162.488174438	104.762023926	0.0350154489279	True	13	13	True 
127.mp3	0.822221815586	0	0.0103092780337	0.041752576828	3.43411159515	98.060043335	21.6505279541	0.0350154489279	True	1	1	True 
128.mp3	0.914089202881	0	0	0.00618556700647	2.17058062553	129.427352905	25.4567165375	0.0329557172954	False	3	3	False 
129.mp3	0.844438552856	0.0505154654384	0.0670103058219	0.00567010324448	2.74609375	103.558403015	164.849182129	0.0370751805604	True	1	1	True 
13.mp3	0.91984796524	0	0.00412371149287	0.0128865977749	3.15194535255	86.4003601074	142.957443237	0.0298661179841	True	12	12	True 
130.mp3	0.810154378414	0	0.0422898419201	0.0304280556738	18.3346099854	100.113037109	84.5227813721	0.0442842431366	False	5	5	False 
131.mp3	0.816014826298	0.00206185574643	0.0484536066651	0.0680412352085	4.03318548203	125.970314026	225.104751587	0.033985581249	False	7	12	False 
133.mp3	0.624595522881	0	0	0.00309437862597	2.72254395485	148.380050659	39.9682388306	0.0133882593364	False	10	10	False 
134.mp3	0.756168842316	0	0.0453608259559	0.0252577327192	3.60826301575	93.674369812	216.842071533	0.0247167870402	True	3	8	False 
135.mp3	0.086582928896	0	0.0072164949961	0.052061855793	9.5016708374	108.317207336	179.155578613	0.0525231733918	True	8	13	False 
136.mp3	0.982101976871	0	0.111397624016	0.00257864873856	1.44333350658	100.484870911	311.3984375	0.0916580855846	True	2	10	True 
137.mp3	0.920156776905	0	0.0103145949543	0.043321300298	3.68600153923	95.9655914307	72.4603729248	0.0494335740805	True	1	1	True 
138.mp3	0.745352566242	0	0.0134020615369	0.00979381427169	2.12811279297	126.445831299	64.3219604492	0.0514933057129	True	12	4	False 
140.mp3	0.966046214104	0	0.0257731955498	0.010824742727	2.19868993759	99.9713287354	76.1892242432	0.0587023682892	False	13	1	True 
142.mp3	0.538012742996	0	0.00515463901684	0.0134020615369	3.61557221413	95.4980926514	61.0949363708	0.0319258496165	False	3	1	True 
143.mp3	0.631240963936	0	0.00206291908398	0.0603403821588	5.9548740387	129.45463562	97.8842315674	0.0401647798717	True	3	9	False 
144.mp3	0.481668204069	0.00309437862597	0.0134089738131	0.0293965954334	3.13647794724	117.490509033	147.526901245	0.0247167870402	True	9	1	True 
145.mp3	0.613937675953	0	0	0.0164948459715	4.46987342834	178.2059021	42.7936859131	0.0432543754578	True	8	11	True 
146.mp3	0.367025792599	0	0.00723140500486	0.0361570231616	9.41630077362	79.880897522	21.112154007	0.0392156876624	True	10	10	True 
148.mp3	0.960708975792	0	0	0.00825167633593	1.66511499882	120.024971008	261.766479492	0.0391349121928	True	1	1	True 
149.mp3	0.0236331149936	0.011340206489	0.0144329899922	0.0293814428151	5.77624797821	97.7666244507	78.4360733032	0.047373842448	True	2	7	False 
150.mp3	0.86820268631	0	0.00103145954199	0.0634347572923	4.40771436691	172.265609741	123.543426514	0.0875386223197	True	9	11	False 
151.mp3	0.355451464653	0	0.011340206489	0.052061855793	5.9582195282	143.512084961	62.1670265198	0.0617919676006	True	3	3	True 
152.mp3	0.856579661369	0	0.00309278350323	0.0149484537542	2.74343729019	75.8553771973	152.615005493	0.0185375902802	False	13	13	False 
153.mp3	0.748744487762	0	0.00412371149287	0.0154639175162	5.48282575607	140.894805908	25.492181778	0.0175077244639	True	9	1	True 
154.mp3	0.919888019562	0	0.00206185574643	0.00463917525485	2.69708824158	172.265518188	115.159332275	0.0638516992331	False	5	5	False 
155.mp3	0.899836540222	0	0.0402061864734	0.0469072163105	3.45376467705	99.894317627	79.2319030762	0.0834191590548	True	10	10	True 
156.mp3	0.95841473341	0	0.00515463901684	0.010824742727	1.6231855154	109.991912842	232.644638062	0.0556127689779	False	10	11	True 
157.mp3	0.707249879837	0	0	0.0139175262302	4.47420692444	106.898796082	135.133987427	0.0422245115042	True	8	13	True 
158.mp3	0.105730593204	0	0.0072164949961	0.0309278350323	9.17458534241	172.265594482	32.1255149841	0.047373842448	False	7	7	False 
159.mp3	0.475571930408	0	0.021649485454	0.0737113431096	5.28857278824	142.554611206	54.3390464783	0.0968074128032	True	11	2	False 
160.mp3	0.462506860495	0	0.011340206489	0.00876288674772	2.52793359756	77.8491439819	174.303222656	0.0422245115042	False	11	11	False 
161.mp3	0.165475517511	0.00515463901684	0.0103092780337	0.031443297863	8.24718284607	144.023773193	72.8652801514	0.047373842448	False	3	3	False 
162.mp3	0.812336862087	0	0.00515463901684	0.0283505152911	3.33520126343	184.570251465	49.3251724243	0.0205973219126	False	9	9	False 
163.mp3	0.630955338478	0	0.00824742298573	0.0350515469909	4.57152986526	100.108879089	77.5398101807	0.0545829050243	True	5	11	True 
164.mp3	0.233685523272	0.00103092787322	0.00824742298573	0.0278350524604	4.85521125793	145.763214111	53.3265953064	0.0576725043356	True	12	12	False 
166.mp3	0.853858530521	0	0.0422680415213	0.0170103088021	3.5139939785	79.7644348145	234.250396729	0.0494335740805	False	11	11	False 
167.mp3	0.360943168402	0	0.00515729747713	0.0510572455823	4.84951019287	102.827438354	53.5163841248	0.0669412985444	True	11	3	False 
168.mp3	0.761266469955	0	0.00206291908398	0.0247550290078	4.6947388649	124.001808167	76.6212310791	0.0453141108155	True	9	9	True 
169.mp3	0.888092279434	0.00309278350323	0.0340206176043	0.0386597923934	5.4780626297	178.205963135	85.7798614502	0.081359423697	True	9	3	False 
17.mp3	0.939740598202	0	0	0.030412370339	2.66314768791	106.662071228	209.133636475	0.0669412985444	True	9	1	False 
170.mp3	0.0820557549596	0	0.00824742298573	0.0257731955498	9.17772674561	147.778671265	38.0778045654	0.0442842431366	True	7	11	False 
171.mp3	0.381565183401	0.00103092787322	0.00412371149287	0.0144329899922	4.77485275269	110.794288635	17.7649288177	0.0154479919001	True	9	9	True 
172.mp3	0.897569775581	0	0.00103145954199	0.00773594621569	2.69737458229	68.9242401123	34.8922042847	0.0195674560964	False	12	12	False 
173.mp3	0.27342620492	0	0	0.0139175262302	5.55107307434	91.1595687866	67.1386032104	0.0484037064016	False	7	11	False 
174.mp3	0.850681424141	0	0.00618556700647	0.000515463936608	2.00385332108	105.996772766	124.134239197	0.0319258496165	False	5	5	False 
175.mp3	0.800518274307	0	0.00412371149287	0.0463917516172	5.10448169708	126.203826904	126.792205811	0.0453141108155	True	11	3	True 
176.mp3	0.685239613056	0	0.00206185574643	0.0231958758086	4.74807167053	120.045921326	16.8288497925	0.0308959838003	False	1	4	True 
177.mp3	0.949517726898	0	0.0247422680259	0.00154639175162	2.16770148277	101.102088928	207.126739502	0.0463439747691	False	5	5	False 
178.mp3	0.614608049393	0	0.00103092787322	0.0597938150167	4.44629144669	163.483596802	305.672058105	0.0442842431366	True	3	3	True 
179.mp3	0.95759499073	0	0	0.000515463936608	1.23757898808	96.1937255859	100.87071228	0.0278063844889	True	13	13	True 
18.mp3	0.92133975029	0	0.0247422680259	0.00360824749805	2.15061497688	92.6566238403	191.695007324	0.0576725043356	False	5	5	False 
180.mp3	0.94133913517	0	0.0515729747713	0.00257864873856	2.08860516548	99.9456253052	56.7131614685	0.0360453128815	True	11	11	True 
181.mp3	0.937689423561	0	0	0.00876740552485	2.59314227104	144.527175903	128.62538147	0.0432543754578	True	9	9	True 
19.mp3	0.981537818909	0	0.0845796838403	0.000515729770996	1.82789111137	124.985870361	137.953735352	0.0391349121928	True	12	4	True 
2.mp3	0.959165096283	0	0.0206185560673	0.00257731950842	2.77802467346	93.8047180176	237.524810791	0.0792996883392	False	11	11	False 
20.mp3	0.935540437698	0	0	0.107787519693	4.34381484985	110.907287598	289.376403809	0.0792996883392	False	11	11	False 
21.mp3	0.957388997078	0	0	0.00360824749805	1.82399988174	103.048454285	111.419311523	0.033985581249	False	4	4	True 
22.mp3	0.949443340302	0	0.0154718924314	0.021660650149	2.64222407341	97.9399490356	194.359054565	0.0648815631866	False	3	3	False 
24.mp3	0.950737535954	0	0	0.0149484537542	1.75078737736	95.7734832764	207.094848633	0.0669412985444	True	8	8	True 
25.mp3	0.968328297138	0	0	0.000515463936608	2.07536125183	143.636047363	276.77331543	0.124613799155	True	3	13	False 
3.mp3	0.576386451721	0.0175348110497	0.0536358952522	0.000515729770996	3.0756509304	95.9035720825	88.9292297363	0.0463439747691	False	5	11	False 
31.mp3	0.932825565338	0.00103145954199	0.0536358952522	0.0165033526719	3.29551649094	80.2971191406	242.317276001	0.0906282216311	True	11	11	True 
32.mp3	0.67663449049	0	0	0.0536358952522	4.43709468842	70.3706054688	147.093856812	0.0484037064016	True	7	7	True 
35.mp3	0.865877270699	0	0	0.0742268040776	4.72309064865	155.727737427	207.799255371	0.0298661179841	True	12	12	True 
37.mp3	0.953058719635	0	0.00412583816797	0.00154718931299	2.09517836571	139.291168213	265.375976562	0.0648815631866	True	5	5	True 
39.mp3	0.493477404118	0	0	0.0159793812782	2.42522549629	122.45690155	252.023834229	0.0885684862733	False	5	11	True 
4.mp3	0.977628827095	0	0.0453842170537	0.0201134607196	2.43617892265	85.0007095337	191.269622803	0.023686921224	False	11	11	False 
40.mp3	0.545333564281	0	0.00515463901684	0.0422680415213	4.58874464035	125.415687561	119.861595154	0.0566426366568	True	9	5	False 
41.mp3	0.970600426197	0	0.0309437848628	0.000515729770996	1.24421179295	112.626907349	169.242080688	0.0484037064016	False	2	8	False 
42.mp3	0.966973602772	0	0.00309437862597	0.000515729770996	1.74376583099	109.207168579	238.612060547	0.0308959838003	True	9	3	True 
43.mp3	0.975123167038	0	0.0505415163934	0.000515729770996	0.551093101501	112.315620422	194.4634552	0.0854788869619	False	2	2	False 
44.mp3	0.95271474123	0	0.00722021656111	0.00154718931299	1.68010997772	118.055145264	274.520324707	0.0782698243856	False	3	3	False 
45.mp3	0.976918041706	0	0	0.000515463936608	1.26183140278	92.4592285156	145.601516724	0.0762100890279	True	5	11	False 
46.mp3	0.91835552454	0	0.00412583816797	0.0737493559718	3.9529607296	90.0314483643	251.921844482	0.104016475379	False	8	8	False 
47.mp3	0.978051245213	0	0.0330067053437	0.0128932436928	1.957716465	161.498947144	288.467010498	0.0556127689779	False	5	5	False 
48.mp3	0.972961843014	0	0.00515729747713	0.00206291908398	1.93077361584	103.609825134	281.11340332	0.0576725043356	True	10	10	True 
49.mp3	0.900433957577	0	0.00103092787322	0.0221649482846	3.38318538666	104.770019531	110.325164795	0.0422245115042	True	11	3	True 
5.mp3	0.897997379303	0	0	0.00825167633593	2.50987935066	98.6497497559	126.199882507	0.0350154489279	True	13	13	True 
50.mp3	0.765700340271	0.00412371149287	0.0453608259559	0.0407216511667	9.07760620117	94.9136962891	99.3332443237	0.0401647798717	False	3	3	False 
51.mp3	0.290932863951	0	0.00928792543709	0.0030959751457	4.38889408112	113.927635193	151.916000366	0.0597938150167	False	9	4	True 
52.mp3	0.97192633152	0	0.0103092780337	0.000515463936608	2.68792772293	109.991210938	211.958221436	0.0865087509155	False	11	12	True 
53.mp3	0.903370738029	0	0.0144329899922	0.0103092780337	3.78998923302	110.451324463	133.530563354	0.0453141108155	True	11	11	True 
54.mp3	0.834463775158	0	0.0257864873856	0.00361010828055	4.80639362335	74.6991500854	143.198898315	0.0710607618093	True	1	7	True 
55.mp3	0.846756637096	0	0	0.0773594602942	4.36029911041	136.675613403	143.735107422	0.0442842431366	True	8	8	True 
56.mp3	0.971949875355	0	0	0.000515463936608	1.08126723766	92.2078552246	210.920730591	0.0442842431366	True	4	4	True 
58.mp3	0.865783393383	0	0.041258379817	0.00567302713171	3.17572855949	162.096832275	196.641021729	0.0607620999217	True	5	5	True 
59.mp3	0.968006253242	0	0	0.000515729770996	1.28334951401	100.407089233	168.91734314	0.0690010264516	False	2	3	False 
60.mp3	0.971698343754	0	0.062886595726	0.000515463936608	1.37039542198	98.0184020996	225.877914429	0.0401647798717	False	3	3	False 
62.mp3	0.914808392525	0	0	0.00515463901684	2.05901694298	153.162322998	218.153457642	0.107106074691	False	13	13	False 
64.mp3	0.966790854931	0	0.0268179476261	0.000515729770996	1.86345088482	119.21749115	180.711883545	0.0257466528565	False	11	11	False 
65.mp3	0.947011232376	0	0.00825167633593	0.0180505421013	2.12498641014	88.902053833	251.619293213	0.0792996883392	False	2	2	False 
67.mp3	0.953035652637	0	0.00412371149287	0.0190721657127	2.22275161743	116.96988678	297.291931152	0.0504634380341	True	11	11	True 
68.mp3	0.917352616787	0	0.00515463901684	0.000515463936608	2.21169281006	95.5512695312	115.567008972	0.0298661179841	True	4	4	True 
69.mp3	0.76778280735	0	0	0.0855670124292	4.19692611694	117.633674622	220.543899536	0.0741503611207	False	2	2	False 
7.mp3	0.97824037075	0	0.171134024858	0.00515463901684	1.46495234966	120.050689697	118.210670471	0.0700308978558	True	9	1	True 
70.mp3	0.96724396944	0	0.00412371149287	0.000515463936608	1.96849644184	117.50402832	187.948318481	0.0453141108155	True	3	3	True 
71.mp3	0.973037958145	0	0	0.000515729770996	1.42392456532	117.544441223	128.766098022	0.0556127689779	False	11	11	False 
72.mp3	0.921147227287	0	0.00206185574643	0.00257731950842	2.03103876114	145.099182129	298.131835938	0.0566426366568	False	11	11	False 
73.mp3	0.873529493809	0	0	0.0536082461476	4.96956253052	105.586463928	133.480667114	0.0484037064016	False	4	4	False 
74.mp3	0.275789558887	0	0.00928313564509	0.0938628166914	13.4570474625	90.954826355	324.045837402	0.180226564407	True	5	11	False 
76.mp3	0.974224805832	0	0.0598246529698	0.000515729770996	1.94865131378	96.6455001831	77.2515258789	0.0700308978558	True	9	9	True 
77.mp3	0.925731658936	0	0	0.00103145954199	2.31115150452	120.760627747	145.249298096	0.0401647798717	False	9	9	False 
78.mp3	0.759206831455	0	0.00722021656111	0.0428055711091	7.30436038971	129.021469116	134.847167969	0.109165810049	True	11	3	True 
79.mp3	0.959249734879	0	0.00928313564509	0.0221763793379	3.2340502739	153.091842651	365.945556641	0.0690010264516	True	7	7	True 
8.mp3	0.831437945366	0.00206185574643	0.0917525738478	0.00979381427169	3.42479085922	163.654754639	129.522766113	0.0772399604321	True	5	11	False 
80.mp3	0.949702441692	0	0.0639175251126	0.0164948459715	4.1300983429	166.006378174	292.702728271	0.0401647798717	False	11	11	False 
81.mp3	0.974173426628	0	0	0.00309437862597	2.2419629097	122.773078918	217.999694824	0.0442842431366	False	11	11	False 
82.mp3	0.952736973763	0	0.00309437862597	0.0242392979562	3.84709596634	91.1275558472	77.9459152222	0.0617919676006	True	5	5	True 
83.mp3	0.631015896797	0	0.0123775145039	0.0103145949543	2.54230260849	128.877670288	260.621704102	0.0751802250743	False	8	13	True 
84.mp3	0.916654407978	0	0.00103092787322	0.010824742727	2.33657670021	165.101531982	293.088989258	0.106076210737	True	11	11	True 
85.mp3	0.91652983427	0	0.0123775145039	0.00154718931299	1.6680958271	162.49130249	226.176620483	0.0792996883392	True	11	11	False 
86.mp3	0.827871620655	0	0.021649485454	0.0494845360518	5.16413259506	99.1091842651	330.096313477	0.0926879495382	True	11	11	False 
87.mp3	0.983008384705	0	0	0.000515463936608	1.10085737705	96.1284637451	112.001968384	0.0576725043356	True	11	11	False 
88.mp3	0.970928192139	0	0.122743681073	0.00979886576533	2.21205234528	129.800140381	239.05909729	0.0576725043356	False	5	11	False 
89.mp3	0.870314896107	0	0.0247422680259	0.0247422680259	3.85779285431	84.622718811	165.807998657	0.0401647798717	False	3	3	False 
90.mp3	0.839530289173	0.0092783505097	0.0505154654384	0.0268041230738	6.47357273102	97.2005233765	162.73928833	0.0319258496165	False	13	5	False 
91.mp3	0.797469556332	0	0.0237113405019	0.0845360830426	7.6245007515	118.093452454	270.697418213	0.145211115479	False	13	12	False 
92.mp3	0.968133091927	0	0	0.000515463936608	1.58021914959	101.780517578	155.641830444	0.0751802250743	True	11	11	True 
93.mp3	0.92454791069	0	0.0422680415213	0.00515463901684	1.98368906975	89.7833099365	195.531951904	0.0710607618093	True	5	11	False 
95.mp3	0.435122191906	0	0.0134020615369	0.0324742272496	3.0117225647	178.205871582	91.1613693237	0.0247167870402	True	9	1	True 
96.mp3	0.690027415752	0.00103092787322	0.00515463901684	0.0737113431096	3.44100117683	151.966156006	396.471984863	0.0556127689779	False	3	3	False 
98.mp3	0.759696364403	0	0.00103092787322	0.0154639175162	3.88739562035	149.62348938	146.962280273	0.047373842448	False	5	9	True 
99.mp3	0.959844529629	0	0.0103145949543	0.000515729770996	2.03022074699	125.643013	195.460083008	0.0617919676006	False	3	9	True 
