10.mp3	0.69155472517	1	0	0.991756796837	0.00512817874551	0.182895421982	0.0530299171805	4.68551683426	93.9074020386	891.274658203	0.00344500551	0.0160489883274	0.000375163828721	0.0218936726451	0	11	3	1	0.0419131964445	0.454407125711	0.405029684305	0.0013056822354 
101.mp3	0.30188113451	1	0	0.993302404881	0.00614725705236	0.558475017548	0.0553106404841	10.0016450882	155.010726929	586.08795166	0.0023565532174	0.0113983005285	0.000658993143588	0.0165239218622	0	1	1	0	0.0306293964386	0.525594890118	0.373412191868	0.0012889993377 
102.mp3	0.956140756607	1	0	1	0	0.00566718168557	0.00614719744772	1.75684416294	163.463317871	1051.10925293	0.00480500934646	0.0250733215362	6.14285236225e-05	0.0297156758606	0	13	3	1	0.037439674139	0.534913301468	0.461924821138	0.000378115975764 
103.mp3	0.890435934067	1	0	0.958784103394	0.0201933216304	0.0010303966701	0.000515170919243	1.28239583969	150.763336182	484.920166016	0.00716885272413	0.0551357530057	0.000299459235976	0.0558894537389	1	11	11	1	0.0166101157665	0.570291697979	0.470699250698	0.000450945895864 
104.mp3	0.943603992462	1	0	1	0	0.0010303966701	0.000515170919243	1.43045115471	105.061607361	1181.13183594	0.00579302432016	0.0357164107263	0.000134153975523	0.038565132767	1	9	1	1	0.0451875254512	0.574453294277	0.47061342001	0.000369203509763 
105.mp3	0.924323618412	1	0	0.98093765974	0.0309371966869	0.0978876873851	0.0362133644521	3.1857483387	108.092407227	1411.98400879	0.00522543676198	0.0344647020102	0.000317690399243	0.0768626332283	1	1	1	1	0.0525031909347	0.53578966856	0.464884132147	0.000387809122913 
106.mp3	0.901728391647	1	0	1	0	0.0391752570868	0.0216847937554	3.5060608387	143.171524048	991.792541504	0.0037985551171	0.0171287991107	0.000129918043967	0.0222806464881	0	5	5	0	0.0465113073587	0.482109904289	0.428499191999	0.000843500893097 
107.mp3	0.945326507092	1	0	1	0	0.00154639175162	0.00103040458634	2.18948769569	117.022850037	1239.73303223	0.0050494549796	0.0284167006612	0.000141221622471	0.0340917184949	0	5	5	0	0.0465337075293	0.57918202877	0.461395055056	0.000419985328335 
108.mp3	0.893552839756	1	0	0.968057692051	0.0328625701368	0.210716128349	0.046105351299	4.25606584549	85.51612854	1864.92590332	0.00353825115599	0.0189797952771	0.00264292838983	0.0469390787184	1	2	8	1	0.0935640931129	0.570680499077	0.46952983737	0.00032828154508 
109.mp3	0.950443744659	1	0	1	0	0.0463917516172	0.0167296603322	2.9336938858	163.235610962	626.209655762	0.00521092955023	0.0315990485251	0.000150688822032	0.0390122011304	0	12	12	1	0.0288833454251	0.417995095253	0.40428391099	0.00125656847376 
110.mp3	0.976103186607	1	0	1	0	0.00103092787322	0.000515436171554	1.3782453537	98.1825942993	807.840148926	0.00632276525721	0.0423667021096	0.000238807930145	0.0468083843589	0	11	12	1	0.0321565940976	0.541022777557	0.442909389734	0.000651703798212 
111.mp3	0.98611330986	1	0	1	0	0.0139175262302	0.0117214480415	1.13714754581	101.125289917	1163.43054199	0.00494138104841	0.0264397431165	7.75348598836e-05	0.0315332077444	1	3	11	1	0.0488404594362	0.602973163128	0.458218723536	0.000492539897095 
112.mp3	0.938562452793	1	0	0.998969078064	0.00103040190879	0.031443297863	0.0216847918928	2.86353945732	126.639656067	1577.12097168	0.00399235775694	0.019484963268	0.000115872106107	0.0309010539204	1	5	5	1	0.063211530447	0.587049901485	0.463658571243	0.000459503527964 
113.mp3	0.983928442001	1	0	0.993814408779	0.0122239245102	0.00103092787322	0.000515436171554	1.89458918571	98.3910140991	1156.76660156	0.00566906109452	0.0363723300397	0.0001668366167	0.0514593981206	0	9	9	1	0.0404455438256	0.605257213116	0.473152905703	0.000368042528862 
114.mp3	0.938614606857	1	0	0.970103085041	0.0319178923965	0.0355670116842	0.0221772380173	3.16439771652	92.4494171143	1021.11773682	0.00463077286258	0.0278281029314	0.00169209577143	0.0502355135977	1	13	13	1	0.0384325161576	0.473415315151	0.432961672544	0.000474225293146 
115.mp3	0.824484586716	1	0	1	0	0.10303966701	0.0241299625486	3.94496798515	131.634643555	1872.26098633	0.00388076808304	0.0185753535479	0.000148337698192	0.0249989088625	1	13	13	1	0.0751223564148	0.608522891998	0.475851923227	0.000408413965488 
116.mp3	0.957465469837	1	0	0.994332790375	0.00716455932707	0.0793405473232	0.00512803159654	3.97855257988	161.907608032	845.120056152	0.00551067944616	0.0361355468631	0.000544662238099	0.0500076040626	0	11	11	0	0.0382076948881	0.555813729763	0.442791223526	0.000458751164842 
117.mp3	0.817403256893	1	0	1	0	0.2210200876	0.0739478692412	4.53401899338	119.505439758	766.824707031	0.0033049187623	0.0152925532311	0.000142298376886	0.0334952026606	1	8	8	1	0.0346106141806	0.50801384449	0.405834764242	0.00123558344785 
118.mp3	0.957091271877	0.999484777451	0.00102986814454	0.947449743748	0.0488893799484	0.00618238002062	0.00665605254471	2.40072798729	83.6787643433	1055.06958008	0.00546469027176	0.0383305698633	0.000261103967205	0.0394116342068	1	11	11	0	0.0384829007089	0.522273600101	0.46918040514	0.000345491949702 
119.mp3	0.316158771515	1	0	0.998969614506	0.00102987489663	0.193714573979	0.0442390851676	4.38937950134	80.8765182495	1704.01855469	0.002930423012	0.0110426349565	6.6893917392e-05	0.0131162386388	1	1	1	1	0.0678771287203	0.553825676441	0.466707378626	0.000479377195006 
12.mp3	0.954365968704	1	0	0.992272019386	0.00614721141756	0.0479134470224	0.0211811214685	2.34611988068	126.119346619	745.505493164	0.00556388031691	0.0364081673324	0.000318048463669	0.0418393425643	0	1	1	0	0.0471094548702	0.549459159374	0.438760638237	0.000775309454184 
120.mp3	0.23971670866	1	0	0.974240064621	0.00512816617265	0.123647607863	0.0323822423816	4.01704597473	103.492835999	890.777954102	0.00351552665234	0.0177274476737	0.00101404113229	0.0224181767553	0	9	9	0	0.0434879735112	0.569221198559	0.427321970463	0.000394940841943 
121.mp3	0.91922724247	1	0	1	0	0.360824733973	0.0638878047466	7.39580249786	96.9505844116	1272.78137207	0.00316064432263	0.0154256885871	0.000385951367207	0.0277140792459	0	9	4	1	0.0535944029689	0.471145033836	0.41184180975	0.00108796986751 
122.mp3	0.974093914032	1	0	1	0	0.00360638834536	0.00154399336316	1.91782701015	125.513633728	1038.65917969	0.00569040281698	0.0351599492133	9.28647859837e-05	0.0456605739892	1	1	1	1	0.0425466299057	0.555290579796	0.452266186476	0.000603699067142 
123.mp3	0.967900156975	1	0	1	0	0.00309119001031	0.00205763150007	1.70492339134	118.522712708	1846.27331543	0.00467311451212	0.0245859269053	9.33004776016e-05	0.0253451708704	0	1	4	1	0.0613536350429	0.546993136406	0.466262936592	0.000278298626654 
124.mp3	0.915577292442	1	0	0.996907234192	0.00205869134516	0.0252577327192	0.00564084621146	3.34800839424	100.020996094	759.713928223	0.00431590108201	0.0224568545818	0.00030378010706	0.0256202761084	1	11	11	1	0.0344034396112	0.56049144268	0.434470027685	0.000736133486498 
125.mp3	0.661502957344	1	0	1	0	0.0561855658889	0.0206972062588	3.54015779495	142.480377197	687.093078613	0.00405180407688	0.0201074723154	0.000219247551286	0.0281989015639	0	3	3	1	0.0309688616544	0.518246352673	0.415411442518	0.00121893291362 
126.mp3	0.961924850941	1	0	0.985574424267	0.00716449739411	0.00154559500515	0.00154399336316	1.73369586468	162.488174438	786.903442383	0.00604360131547	0.0402624979615	0.000465512566734	0.0390190593898	1	13	13	1	0.0332569591701	0.465525299311	0.416274368763	0.000687087653205 
127.mp3	0.822221815586	1	0	0.981968045235	0.010202890262	0.0726429671049	0.0400086194277	3.43411159515	98.060043335	532.488525391	0.00377902155742	0.0188989099115	0.00160007795785	0.0362432822585	1	1	1	1	0.0251674894243	0.526298224926	0.341607242823	0.00233270903118 
128.mp3	0.914089202881	1	0	1	0	0.00515198335052	0.00614727055654	2.17058062553	129.427352905	423.567352295	0.00505615957081	0.0286638457328	0.000116018745757	0.0319803245366	0	3	3	0	0.0203178841621	0.558398663998	0.353767246008	0.00159688433632 
129.mp3	0.844438552856	0.886656343937	0.0479622669518	0.673879444599	0.0625213906169	0.00875837169588	0.00563800288364	2.74609375	103.558403015	702.517700195	0.00892636179924	0.122774474323	0.0401664637029	0.213476657867	1	1	1	1	0.0289849378169	0.390505939722	0.364504992962	0.00230250065215 
13.mp3	0.91984796524	1	0	0.996908783913	0.00410669157282	0.0262751150876	0.0127204302698	3.15194535255	86.4003601074	649.906433105	0.00482371030375	0.0272087678313	0.000426692713518	0.0398741960526	1	12	12	1	0.0314198024571	0.419124811888	0.413657397032	0.000745440833271 
130.mp3	0.810154378414	1	0	0.942268013954	0.0405012518167	0.406185567379	0.0295024700463	18.3346099854	100.113037109	543.976623535	0.00377387856133	0.0277517270297	0.00234715128317	0.05671460554	0	5	5	0	0.0161626134068	0.388287365437	0.378447234631	0.0022643734701 
131.mp3	0.816014826298	0.998454391956	0.00205762358382	0.92581140995	0.0461062863469	0.113858833909	0.0634125471115	4.03318548203	125.970314026	796.314941406	0.00500836782157	0.0360643900931	0.00704091927037	0.0915239825845	0	7	12	0	0.0360450185835	0.555840730667	0.443722605705	0.000683677091729 
133.mp3	0.624595522881	1	0	1	0	0.00257731950842	0.0030847848393	2.72254395485	148.380050659	492.712310791	0.00425463356078	0.0207048468292	2.88821211143e-05	0.0193981677294	0	10	10	0	0.0216074530035	0.430768042803	0.43707677722	0.00141287583392 
134.mp3	0.756168842316	1	0	0.93869137764	0.0433033891022	0.0674909874797	0.0246194712818	3.60826301575	93.674369812	1097.54125977	0.00472955824807	0.0308417994529	0.000935155432671	0.0389666333795	1	3	8	0	0.0509221255779	0.497592240572	0.456625461578	0.00130320840981 
135.mp3	0.086582928896	1	0	0.978876888752	0.00716436142102	0.565172612667	0.0493509434164	9.5016708374	108.317207336	985.498596191	0.00233276886865	0.0113294906914	0.000889886985533	0.0128997787833	1	8	13	0	0.0483227372169	0.405513137579	0.369224250317	0.00258912867866 
136.mp3	0.982101976871	1	0	0.804123699665	0.0989877581596	0.00309278350323	0.00257202540524	1.44333350658	100.484870911	1361.6385498	0.00727372802794	0.0638946220279	0.00184953445569	0.0784631595016	1	2	10	1	0.0760261490941	0.488749861717	0.458342134953	0.000840724969748 
137.mp3	0.920156776905	1	0	0.986597955227	0.0102084204555	0.124742269516	0.041444670409	3.68600153923	95.9655914307	593.093933105	0.00413015810773	0.0222775880247	0.000880038947798	0.0456481166184	1	1	1	1	0.0269375201315	0.421499997377	0.373550534248	0.00154387194198 
138.mp3	0.745352566242	1	0	0.973209679127	0.0132221886888	0.00824317336082	0.00969766639173	2.12811279297	126.445831299	430.006652832	0.00524443946779	0.0333650223911	0.00123795995023	0.0326719991863	1	12	4	0	0.0199742503464	0.446680188179	0.381494760513	0.00242280447856 
140.mp3	0.966046214104	1	0	0.965481698513	0.0251088533551	0.0551262237132	0.0107068922371	2.19868993759	99.9713287354	551.354919434	0.00678697181866	0.0520711392164	0.000266970455414	0.0681413561106	0	13	1	1	0.0215299073607	0.520211338997	0.439318627119	0.000635812466498 
142.mp3	0.538012742996	1	0	0.993302404881	0.00512810284272	0.0747037604451	0.0132221579552	3.61557221413	95.4980926514	630.657226562	0.00398990977556	0.0198405925184	0.000292291486403	0.0310681667179	0	3	1	1	0.029802011326	0.591982424259	0.430764347315	0.00063430442242 
143.mp3	0.631240963936	1	0	0.99742269516	0.00205869111232	0.277835041285	0.0566983632743	5.9548740387	129.45463562	764.841674805	0.00352472811937	0.018006240949	0.000420621800004	0.032390806824	1	3	9	0	0.0325625687838	0.517542541027	0.411866694689	0.000632085022517 
144.mp3	0.481668204069	0.996907234192	0.00308480253443	0.955670118332	0.0132292229682	0.0742268040776	0.0285327825695	3.13647794724	117.490509033	1043.25341797	0.00444877892733	0.0270817242563	0.00372474337928	0.0368953347206	1	9	1	1	0.0431602858007	0.483547389507	0.430347889662	0.000494958017953 
145.mp3	0.613937675953	1	0	1	0	0.152498707175	0.0162227693945	4.46987342834	178.2059021	579.491882324	0.00404128991067	0.0210411641747	9.1427944426e-05	0.0226526260376	1	8	11	1	0.0293104592711	0.493094712496	0.355428397655	0.0017277187435 
146.mp3	0.367025792599	1	0	0.984512150288	0.00717922626063	0.551368117332	0.0348495841026	9.41630077362	79.880897522	467.871582031	0.00238464633003	0.0115010337904	0.00197002640925	0.0255095157772	1	10	10	1	0.0218607317656	0.367651283741	0.311066091061	0.00388939399272 
148.mp3	0.960708975792	1	0	1	0	0.0144329899922	0.00818356033415	1.66511499882	120.024971008	1422.98950195	0.00479576550424	0.0256197080016	0.000192155639525	0.0412514805794	1	1	1	1	0.0974820777774	0.47950527072	0.438632458448	0.000581972301006 
149.mp3	0.0236331149936	0.959299325943	0.0112113803625	0.853168487549	0.0142244249582	0.191138595343	0.0285178329796	5.77624797821	97.7666244507	573.362243652	0.00561290187761	0.0611732788384	0.0184952579439	0.100930079818	1	2	7	0	0.022202834487	0.466722220182	0.437892466784	0.00144328095485 
150.mp3	0.86820268631	1	0	0.998969078064	0.00103039946407	0.175257727504	0.0594094730914	4.40771436691	172.265609741	1857.31555176	0.00353540130891	0.0165181905031	0.000168716782355	0.0238413624465	1	9	11	0	0.0742426589131	0.558551728725	0.446136027575	0.00126805214677 
151.mp3	0.355451464653	1	0	0.983513653278	0.0112115945667	0.268418341875	0.0493514761329	5.9582195282	143.512084961	432.220672607	0.00328299868852	0.0167686287314	0.00191468850244	0.0252719689161	1	3	3	1	0.0205905754119	0.530760228634	0.354331880808	0.00158617680427 
152.mp3	0.856579661369	1	0	0.998454391956	0.00308321346529	0.0257599167526	0.014724759385	2.74343729019	75.8553771973	676.323608398	0.00483022071421	0.0267553124577	0.000112955392979	0.0318297557533	0	13	13	0	0.0372074842453	0.518003344536	0.427994698286	0.000661467958707 
153.mp3	0.748744487762	1	0	0.996908783913	0.00410684151575	0.189077794552	0.0152246104553	5.48282575607	140.894805908	504.818267822	0.00382847199216	0.0201208721846	0.000432104949141	0.029129114002	1	9	1	1	0.0238518211991	0.529990017414	0.329973369837	0.00197367789224 
154.mp3	0.919888019562	1	0	0.997424006462	0.00205762754194	0.00669757835567	0.0046176193282	2.69708824158	172.265518188	851.731079102	0.00509002199396	0.0295957550406	0.000133957830258	0.0328579396009	0	5	5	0	0.0334602221847	0.456672817469	0.414355784655	0.00137214281131 
155.mp3	0.899836540222	1	0	0.973724901676	0.0385902635753	0.112828440964	0.04470609501	3.45376467705	99.894317627	563.94921875	0.00543111842126	0.0385478064418	0.000172881569597	0.0555982328951	1	10	10	1	0.0293489489704	0.424072653055	0.363609194756	0.00237002340145 
156.mp3	0.95841473341	1	0	0.994332790375	0.00512810889632	0.0133951567113	0.0107070598751	1.6231855154	109.991912842	1390.40344238	0.00546393170953	0.0339589901268	0.00040030607488	0.0391811691225	0	10	11	1	0.0674529969692	0.518547713757	0.461193621159	0.00041722212336 
157.mp3	0.707249879837	1	0	1	0	0.172076255083	0.0137244248763	4.47420692444	106.898796082	1365.15112305	0.00350513239391	0.0155315734446	5.92447249801e-05	0.0185263324529	1	8	13	1	0.0560366250575	0.435565322638	0.419474750757	0.000855710066389 
158.mp3	0.105730593204	1	0	0.990726411343	0.00716466177255	0.493044823408	0.029971562326	9.17458534241	172.265594482	585.232116699	0.00273332721554	0.0141331963241	0.00150466023479	0.027900910005	0	7	7	0	0.0274939332157	0.446245789528	0.308178842068	0.00261026946828 
159.mp3	0.475571930408	1	0	0.980422437191	0.02118088305	0.252962380648	0.0682769715786	5.28857278824	142.554611206	301.757965088	0.00369041063823	0.0202665142715	0.000528612639755	0.0259303692728	1	11	2	0	0.0137614309788	0.507494330406	0.396106958389	0.00134975835681 
160.mp3	0.462506860495	1	0	0.979907274246	0.0112113002688	0.0206079334021	0.00868581235409	2.52793359756	77.8491439819	1145.1887207	0.00472607417032	0.0266642030329	0.000163317017723	0.0265213809907	0	11	11	0	0.0450889132917	0.535507023335	0.446613967419	0.000447637052275 
161.mp3	0.165475517511	0.990211248398	0.00512808607891	0.972694516182	0.0102030150592	0.532715082169	0.0304540656507	8.24718284607	144.023773193	495.524780273	0.0036080123391	0.0262887757272	0.0211878605187	0.0447067096829	0	3	3	0	0.0227293539792	0.577012956142	0.437385499477	0.000913428782951 
162.mp3	0.812336862087	1	0	0.994848012924	0.00512817734852	0.101494073868	0.0275468286127	3.33520126343	184.570251465	596.188354492	0.00408643251285	0.0205181818455	0.000394895905629	0.0354883112013	0	9	9	0	0.0279872454703	0.558348476887	0.377980411053	0.00071880914038 
163.mp3	0.630955338478	1	0	0.981968045235	0.00817927718163	0.179289028049	0.033822786063	4.57152986526	100.108879089	398.653564453	0.00393306231126	0.0218563955277	0.000842417299282	0.0276644229889	1	5	11	1	0.0171912238002	0.435021936893	0.384371101856	0.00178160925861 
164.mp3	0.233685523272	0.996393620968	0.0010298670968	0.930963397026	0.00817923527211	0.189592987299	0.0270600114018	4.85521125793	145.763214111	642.783752441	0.00433901045471	0.029204281047	0.000420979456976	0.0304475408047	1	12	12	0	0.0289846863598	0.36132273078	0.349577486515	0.00267526367679 
166.mp3	0.853858530521	1	0	0.958268940449	0.040480799973	0.0741885602474	0.0167211499065	3.5139939785	79.7644348145	1032.65454102	0.00505869043991	0.0324742943048	0.000555799691938	0.0459446646273	0	11	11	0	0.040396027267	0.407276272774	0.432755082846	0.00162617873866 
167.mp3	0.360943168402	1	0	0.992783486843	0.00513072591275	0.264432996511	0.0484510548413	4.84951019287	102.827438354	626.08013916	0.00304403412156	0.0135300615802	0.000674450362567	0.0252275336534	1	11	3	0	0.0284904558212	0.54029160738	0.358646601439	0.000861736538354 
168.mp3	0.761266469955	1	0	0.998969078064	0.00205867597833	0.164432987571	0.0241423156112	4.6947388649	124.001808167	957.181945801	0.00392826646566	0.0197819117457	0.00011625065963	0.0216968338937	1	9	9	1	0.0420961342752	0.636403560638	0.394871979952	0.00095348112518 
169.mp3	0.888092279434	0.997939229012	0.00308321393095	0.94487375021	0.032862983644	0.17465223372	0.0371657237411	5.4780626297	178.205963135	432.740539551	0.00455672619864	0.0315176360309	0.00818834081292	0.0590364150703	1	9	3	0	0.0176417697221	0.378506690264	0.360653430223	0.00167231191881 
17.mp3	0.939740598202	1	0	1	0	0.0422462634742	0.0294871199876	2.66314768791	106.662071228	919.843200684	0.00493048597127	0.0287860669196	0.000216812128201	0.0378956720233	1	9	1	0	0.0397188253701	0.510308563709	0.450229167938	0.000588322756812 
170.mp3	0.0820557549596	1	0	0.980422437191	0.00817912537605	0.502833604813	0.0251085981727	9.17772674561	147.778671265	575.49420166	0.00252965674736	0.0129063846543	0.00169430475216	0.0241116415709	1	7	11	0	0.0274177100509	0.562834262848	0.389534175396	0.000890797178727 
171.mp3	0.381565183401	0.998454391956	0.00102986767888	0.976816058159	0.00410675257444	0.0829469338059	0.0142244305462	4.77485275269	110.794288635	383.480499268	0.00400224467739	0.0217693243176	0.00335979601368	0.0316308476031	1	9	9	1	0.017447816208	0.553297102451	0.275975674391	0.00221424316987 
172.mp3	0.897569775581	1	0	0.999484539032	0.00103039771784	0.0211340207607	0.00767631363124	2.69737458229	68.9242401123	443.307403564	0.0053551979363	0.0329261869192	0.000133813402499	0.0465806573629	0	12	12	0	0.01968100667	0.581837594509	0.428277105093	0.000927673943806 
173.mp3	0.27342620492	1	0	1	0	0.342091709375	0.0137240653858	5.55107307434	91.1595687866	886.11517334	0.00328092765994	0.0155235007405	0.000139568146551	0.0147027513012	0	7	11	0	0.039248906076	0.519967317581	0.383415490389	0.0011688497616 
174.mp3	0.850681424141	1	0	0.995878398418	0.00614723050967	0.0010303966701	0.000515170919243	2.00385332108	105.996772766	940.517944336	0.00511363707483	0.0294060800225	0.000318130187225	0.0322814211249	0	5	5	0	0.0369111448526	0.545264840126	0.446345359087	0.00065279379487 
175.mp3	0.800518274307	1	0	0.993302404881	0.0041067507118	0.215352907777	0.0442390292883	5.10448169708	126.203826904	2056.10131836	0.00334253534675	0.015203054063	0.0015574110439	0.0213714689016	1	11	3	1	0.0786009579897	0.579299926758	0.456650882959	0.000586358306464 
176.mp3	0.685239613056	1	0	0.994332790375	0.00205761543475	0.174137040973	0.022657668218	4.74807167053	120.045921326	414.502319336	0.00395981408656	0.0209632683545	0.000279866188066	0.0303456950933	0	1	4	1	0.0173502098769	0.382759302855	0.28162497282	0.00329295475967 
177.mp3	0.949517726898	1	0	0.980422437191	0.0241294838488	0.00154559500515	0.00154399336316	2.16770148277	101.102088928	959.206970215	0.00569400470704	0.0368295796216	0.000309812719934	0.0667700693011	0	5	5	0	0.0530981346965	0.557512521744	0.446565508842	0.000350367161445 
178.mp3	0.614608049393	1	0	0.994332790375	0.00102987501305	0.227202475071	0.0562193095684	4.44629144669	163.483596802	1014.85491943	0.00333506893367	0.0155087243766	0.000420244294219	0.0174388512969	1	3	3	1	0.0593114569783	0.577146351337	0.4303599298	0.000552126672119 
179.mp3	0.95759499073	1	0	1	0	0.0010303966701	0.000515170919243	1.23757898808	96.1937255859	842.776550293	0.0055225356482	0.032700650394	0.0001444931695	0.0384713485837	1	13	13	1	0.0394700281322	0.540901839733	0.430505216122	0.000764054537285 
18.mp3	0.92133975029	1	0	0.981968045235	0.0241295136511	0.00360638834536	0.00359511747956	2.15061497688	92.6566238403	929.918640137	0.00509096356109	0.0300310198218	0.00090478832135	0.0601664632559	0	5	5	0	0.0493553988636	0.566595613956	0.434404820204	0.000506291165948 
180.mp3	0.94133913517	1	0	0.93298971653	0.0489138625562	0.00309278350323	0.00257202540524	2.08860516548	99.9456253052	353.372833252	0.00611513433978	0.0444281958044	0.000382498110412	0.0736161842942	1	11	11	1	0.0152147430927	0.468713521957	0.34516736865	0.00220859562978 
181.mp3	0.937689423561	1	0	1	0	0.0144329899922	0.00869029108435	2.59314227104	144.527175903	1629.61108398	0.0047623780556	0.0251123216003	3.32858180627e-05	0.025572290644	1	9	9	1	0.0547934621572	0.593406438828	0.451625913382	0.00058700091904 
182.mp3	0.121492497623	0.998969614506	0.00102987117134	0.977846443653	0.0172185879201	0.430705815554	0.0598307549953	7.69048023224	80.9297180176	563.255859375	0.00259319134057	0.0138191217557	0.00190030038357	0.0261944960803	1	9	9	1	0.0249378141016	0.52157086134	0.354770421982	0.0037009739317 
184.mp3	0.401845514774	1	0	0.992272019386	0.00205760495737	0.225656881928	0.0651878938079	4.98413324356	150.964035034	872.625854492	0.00314814737067	0.0141112823039	0.000419620861067	0.0152976438403	1	9	9	1	0.041149456054	0.523178696632	0.408396959305	0.00070934224641 
185.mp3	0.0771795809269	1	0	0.976816058159	0.00919221900403	0.600206077099	0.026085048914	9.82535934448	184.5703125	604.540344238	0.00263377628289	0.0153216551989	0.000455266708741	0.0147239733487	0	3	3	0	0.0269364714622	0.541957080364	0.389629215002	0.00164489925373 
186.mp3	0.956017196178	0.991756796837	0.0102030402049	0.853168487549	0.0704684332013	0.0221535284072	0.0117151290178	2.12691831589	139.877059937	584.617370605	0.00687373103574	0.0611235275865	0.00194053654559	0.0742971971631	0	5	5	0	0.0255991704762	0.468521773815	0.433106780052	0.000876938109286 
187.mp3	0.34765714407	0.998969614506	0.00205764360726	0.975785672665	0.0132221905515	0.59196293354	0.0625212490559	8.05658721924	161.498962402	862.822937012	0.00240692589432	0.0126804420725	0.00548453861848	0.0352142304182	0	3	3	0	0.0412266850471	0.387445509434	0.332499802113	0.00322640058585 
188.mp3	0.903596758842	1	0	0.997939229012	0.00205762917176	0.0128799583763	0.00410675629973	2.39313340187	117.957237244	891.811401367	0.00481408182532	0.026272021234	0.000389760156395	0.031059153378	1	10	1	0	0.0369217097759	0.454815506935	0.424777507782	0.000562192348298 
189.mp3	0.955336689949	1	0	1	0	0.0463917516172	0.00716814352199	2.24991059303	90.3968200684	1454.51916504	0.00465549528599	0.0243326891214	9.73407586571e-05	0.0276095364243	1	9	9	1	0.0612221620977	0.681902885437	0.467693269253	0.000607375288382 
19.mp3	0.981537818909	1	0	0.902061879635	0.0774271562696	0.00103092787322	0.000515436171554	1.82789111137	124.985870361	877.522888184	0.00618881406263	0.0449413955212	0.000610074726865	0.0896171852946	1	12	4	1	0.0428821668029	0.55788987875	0.45995426178	0.000536661827937 
190.mp3	0.0480368621647	0.998453617096	0.00103039876558	0.982989668846	0.00410886621103	0.133505150676	0.0260989330709	3.55077290535	166.145477295	1001.81408691	0.0030348575674	0.0129697117954	0.00154417799786	0.0145085137337	1	3	3	1	0.0417581163347	0.490595757961	0.437660366297	0.000351680006133 
191.mp3	0.591733634472	1	0	0.989696025848	0.00614723144099	0.0989180803299	0.0347798764706	3.45160841942	178.205886841	556.343811035	0.00404144404456	0.0209539402276	0.000931646907702	0.0308606922626	1	3	9	1	0.0265216454864	0.502679824829	0.396466940641	0.00134115188848 
192.mp3	0.876341164112	1	0	1	0	0.10303966701	0.0465702526271	3.35877108574	111.495376587	1499.70703125	0.00410844804719	0.0205998141319	0.00011027448636	0.0257534384727	1	12	12	1	0.0630370825529	0.550809025764	0.439678102732	0.000756235385779 
193.mp3	0.905083596706	1	0	1	0	0.00154559500515	0.00102987512946	1.33186709881	178.205856323	1253.22509766	0.00525880418718	0.0296605806798	9.47699154494e-05	0.0353814288974	0	11	11	0	0.059513207525	0.570167183876	0.4634526968	0.000334739568643 
194.mp3	0.774712562561	1	0	0.996908783913	0.0030831922777	0.144770741463	0.0299716480076	4.35614585876	90.7065963745	515.849060059	0.00385885452852	0.0192525144666	0.000566478527617	0.0295532718301	1	7	7	1	0.0248839799315	0.525588691235	0.369842082262	0.00163947080728 
195.mp3	0.0113057065755	1	0	0.982998430729	0.00410685362294	0.528593480587	0.0616274699569	6.06350040436	113.458633423	756.322143555	0.00241679581814	0.0105438269675	0.000594451266807	0.0113046187907	0	11	3	0	0.0324720852077	0.464198708534	0.378705948591	0.00117636902723 
196.mp3	0.637160360813	1	0	0.996908783913	0.00308320834301	0.174137040973	0.037165876478	4.3757610321	83.2218856812	864.31072998	0.00347854406573	0.0161807965487	0.000730087864213	0.0275489203632	1	11	2	0	0.0389150865376	0.53027510643	0.39597517252	0.000868504750542 
197.mp3	0.907483577728	1	0	0.99742269516	0.00410888716578	0.0324742272496	0.020203858614	3.26842665672	83.8211212158	438.565643311	0.00394722865894	0.0194204747677	0.000248053838732	0.0496053062379	0	4	10	0	0.0208599288017	0.509399414062	0.2783010602	0.00284777907655 
198.mp3	0.617998540401	1	0	0.945904195309	0.0309379920363	0.128799587488	0.0488893724978	4.67514276505	129.425140381	420.12991333	0.00503677129745	0.034653481096	0.000641697901301	0.0397350378335	1	1	1	1	0.0190585646778	0.486440122128	0.345405369997	0.00203758082353 
199.mp3	0.476767510176	0.998969614506	0.00102987419814	0.996393620968	0.00410685595125	0.267903149128	0.0598302967846	4.79134130478	93.9315414429	1551.76318359	0.0033536797855	0.0162004828453	0.000384739250876	0.0199951361865	0	2	2	0	0.0608726479113	0.486740231514	0.433246731758	0.000710464606527 
2.mp3	0.959165096283	1	0	0.981968045235	0.0201930962503	0.00463678501546	0.00257068616338	2.77802467346	93.8047180176	1023.06231689	0.00540841510519	0.0332909487188	0.00080171279842	0.0387676022947	0	11	11	0	0.0368080027401	0.486310631037	0.456924140453	0.000413299741922 
20.mp3	0.935540437698	1	0	1	0	0.245876282454	0.0961683169007	4.34381484985	110.907287598	1388.86767578	0.00262343208306	0.00886897370219	8.3158716734e-05	0.017736736685	0	11	11	0	0.0700477212667	0.559584319592	0.462493240833	0.000372020847863 
201.mp3	0.496961146593	1	0	0.99484539032	0.00205866945907	0.195360824466	0.0376594625413	5.41046476364	108.540168762	633.040710449	0.00347866304219	0.0168452356011	0.000219270936213	0.0310831125826	0	9	9	0	0.029068088159	0.444782286882	0.369673013687	0.000772527302615 
202.mp3	0.676036417484	1	0	0.990721642971	0.00615036766976	0.189175263047	0.0647742524743	4.51806116104	99.9867553711	1033.29174805	0.00341696781106	0.0163830649108	0.00153353833593	0.0278244186193	0	11	11	0	0.0454411134124	0.475982218981	0.417795270681	0.000819080683868 
203.mp3	0.973721981049	1	0	0.990721642971	0.00716812256724	0.126804128289	0.0498374886811	3.86561441422	100.074111938	693.119384766	0.00425372412428	0.0231117121875	0.000522062997334	0.0439413562417	1	5	1	1	0.0320463515818	0.398047149181	0.321751832962	0.00323287630454 
204.mp3	0.390211582184	0.995360851288	0.00205869390629	0.951546370983	0.031918194145	0.094329893589	0.0475230664015	4.09932851791	116.086685181	556.830322266	0.0043183430098	0.0275035016239	0.00390666350722	0.0367285944521	1	12	12	0	0.0209558233619	0.434390842915	0.427385032177	0.00119138893206 
205.mp3	0.816523373127	1	0	0.989180862904	0.012217996642	0.245749607682	0.0206871107221	5.15667867661	108.774902344	484.387817383	0.00373847479932	0.0193825047463	0.000595094810706	0.0330548286438	1	9	9	1	0.0237413868308	0.542219817638	0.368605315685	0.000648747081868 
206.mp3	0.489381879568	0.995878398418	0.00102987396531	0.98763525486	0.00308319088072	0.233900055289	0.0231489222497	7.64035797119	144.182830811	639.900512695	0.00372459366918	0.0215763784945	0.0104022864252	0.0331623218954	0	4	11	1	0.0281439684331	0.390264540911	0.322120517492	0.00205211876892 
207.mp3	0.860216915607	1	0	0.943843364716	0.0598298832774	0.0170015450567	0.00767239835113	2.65096235275	119.948852539	588.530090332	0.00517411576584	0.0347935631871	0.0011230109958	0.0577376410365	0	4	4	0	0.0283972900361	0.505839586258	0.436264365911	0.000700046599377 
208.mp3	0.966195583344	0.899021148682	0.0543996468186	0.805254995823	0.0580279789865	0.104070067406	0.0620754472911	3.42351436615	123.933502197	850.792297363	0.00634821504354	0.0812963917851	0.0124422488734	0.24831700325	1	1	7	1	0.0451291613281	0.482097178698	0.439750820398	0.0010852777632 
209.mp3	0.948266208172	1	0	0.998969614506	0.00205761939287	0.0170015450567	0.00359510444105	2.0448975563	79.1194152832	352.466125488	0.0054072001949	0.0324793793261	0.000308156537358	0.0378375537694	1	1	1	1	0.0163912568241	0.590964198112	0.405175894499	0.000965010316577 
21.mp3	0.957388997078	1	0	1	0	0.00669757835567	0.00359508791007	1.82399988174	103.048454285	756.04675293	0.00509418128058	0.0287142116576	0.000100930461485	0.0361717380583	0	4	4	1	0.0411009043455	0.605630338192	0.427740573883	0.000725075427908 
210.mp3	0.918297529221	1	0	0.994329869747	0.00513075152412	0.0500000007451	0.0167296230793	3.11194181442	139.989456177	973.231750488	0.00421643536538	0.0214115828276	0.000394780363422	0.0273538418114	1	1	1	1	0.0391226559877	0.545939564705	0.432270765305	0.000673512811773 
211.mp3	0.746267259121	1	0	0.980412364006	0.00919676944613	0.00515463901684	0.00767618371174	2.38898968697	84.6365814209	475.222412109	0.00528690638021	0.0335828475654	0.000382318947231	0.0443667806685	1	2	2	1	0.0222827401012	0.551639199257	0.369637906551	0.00135130062699 
212.mp3	0.887279272079	1	0	0.996391773224	0.00716809742153	0.0644329860806	0.0352760851383	2.98335933685	184.570236206	950.860229492	0.00469884229824	0.0274744853377	0.000379607314244	0.0412313491106	0	2	2	0	0.0461221896112	0.539372086525	0.422644197941	0.00091364904074 
213.mp3	0.478577136993	1	0	0.987113416195	0.00513080134988	0.185051545501	0.0665489435196	4.49953985214	101.375411987	540.127990723	0.00339511502534	0.0163639262319	0.000383751379559	0.0174072571099	0	11	1	0	0.0263956282288	0.491092115641	0.355979084969	0.00225288933143 
214.mp3	0.873699426651	1	0	0.990726411343	0.00817939639091	0.161772280931	0.0484266802669	3.87549471855	119.586029053	597.77520752	0.00346243428066	0.0163097716868	0.000705412996467	0.0306188892573	0	3	3	0	0.0275608468801	0.470895677805	0.31260022521	0.00225975341164 
215.mp3	0.0650842413306	1	0	0.985051572323	0.00818338338286	0.596907198429	0.0221772380173	13.4347419739	132.829956055	637.933105469	0.00223006540909	0.0119863236323	0.00154767581262	0.0186750572175	0	5	12	1	0.0249836407602	0.4630677104	0.394885003567	0.00123076618183 
216.mp3	0.962758302689	1	0	0.998969614506	0.00102987117134	0.0855229273438	0.0593829154968	2.73913025856	140.326553345	868.859802246	0.00425873044878	0.0221635308117	0.000382421654649	0.0386258810759	0	7	7	0	0.0375091060996	0.433033227921	0.4024528265	0.0014206180349 
217.mp3	0.365565061569	1	0	0.997939229012	0.00205764151178	0.533230304718	0.00614724680781	13.1023483276	90.7813110352	1595.27062988	0.00306044681929	0.0189302396029	9.41720645642e-05	0.0232346579432	0	11	11	0	0.0850326344371	0.459237515926	0.432479947805	0.00152330740821 
218.mp3	0.882217049599	1	0	0.998969614506	0.0010298686102	0.236476048827	0.0280322935432	5.31016921997	119.996559143	545.946289062	0.00330586009659	0.0158587880433	0.000391737266909	0.0298141073436	0	5	9	1	0.0261885784566	0.478844732046	0.347010463476	0.00237173354253 
219.mp3	0.904740452766	1	0	1	0	0.0448453612626	0.0102085676044	2.98852944374	145.039550781	608.483642578	0.00468427827582	0.0255994368345	0.000180157629075	0.0317413620651	0	13	13	0	0.0311581324786	0.532661676407	0.371305555105	0.00131963624153 
22.mp3	0.949443340302	1	0	0.988659799099	0.0152329597622	0.103092782199	0.0211914926767	2.64222407341	97.9399490356	974.049743652	0.00456103403121	0.0252555254847	0.000277162878774	0.0409217774868	0	3	3	0	0.0400617159903	0.56794989109	0.455567330122	0.000444483361207 
220.mp3	0.721972465515	1	0	0.96239054203	0.0270599015057	0.290056675673	0.0299715194851	7.48573493958	129.534881592	450.006561279	0.00435026409104	0.0299050305039	0.00228718062863	0.0456406548619	0	2	2	0	0.0197340082377	0.51876783371	0.421413391829	0.00169243768323 
221.mp3	0.0889186188579	1	0	0.975773215294	0.00513079948723	0.150515466928	0.0328799895942	4.18620920181	87.0307922363	942.082275391	0.00357590336353	0.0183231700212	0.000865151116159	0.0204299818724	0	1	10	1	0.0396907217801	0.452445179224	0.433161109686	0.00054835161427 
222.mp3	0.462485939264	1	0	0.999484777451	0.00102987198625	0.299330234528	0.0607304237783	5.77658319473	148.487319946	557.162109375	0.00341730099171	0.0169648658484	0.000222470596782	0.0177834331989	0	13	5	1	0.0283346511424	0.557966530323	0.41682946682	0.000806916388683 
223.mp3	0.785446226597	1	0	0.993302404881	0.00308320322074	0.185986608267	0.0280321240425	4.58677721024	99.9866867065	399.662963867	0.00362561643124	0.0176634155214	0.000730650674086	0.037195827812	0	13	9	1	0.0187551826239	0.542106688023	0.319374412298	0.00313808652572 
224.mp3	0.911102890968	1	0	0.998969614506	0.00205760635436	0.0329726934433	0.0299718175083	2.35416507721	99.7380142212	1471.36889648	0.004272561986	0.0215383730829	0.000128889209009	0.0367361567914	1	8	8	1	0.0724540427327	0.530762016773	0.450787067413	0.000558744650334 
225.mp3	0.669017314911	1	0	0.999484777451	0.0010298662819	0.0386398769915	0.012720413506	2.83010315895	99.877281189	608.636901855	0.00433889776468	0.0230933912098	0.000153314569616	0.0265608970076	0	5	3	1	0.0268262866884	0.539268016815	0.365281611681	0.00241101067513 
226.mp3	0.331807821989	1	0	0.925257742405	0.0544248558581	0.437628865242	0.0260999388993	13.0130548477	100.44418335	744.048828125	0.0042115226388	0.0337041653693	0.000704231031705	0.0369908064604	0	3	11	0	0.0443668961525	0.488623291254	0.402167499065	0.00333611527458 
227.mp3	0.51450830698	1	0	0.994848012924	0.00308319367468	0.274085521698	0.0192039590329	6.5960521698	172.265609741	1427.8302002	0.00339394412003	0.0169219560921	0.000235439103562	0.0211710296571	1	11	5	1	0.0566730760038	0.514746010303	0.448373556137	0.00130801089108 
228.mp3	0.944017887115	0.999484539032	0.00103040179238	0.74742269516	0.0816836059093	0.00103092787322	0.000515436171554	1.62729108334	80.3515396118	685.932983398	0.00788311101496	0.0727631673217	0.00260564032942	0.162270486355	0	7	4	1	0.0224211700261	0.350566893816	0.445179611444	0.000430322688771 
229.mp3	0.885007739067	1	0	0.963420927525	0.035735797137	0.0340030901134	0.0206871461123	2.77669262886	144.0234375	1542.04406738	0.00531287677586	0.0350641645491	0.00123487610836	0.0622072592378	0	11	11	0	0.0442728474736	0.437545031309	0.460821300745	0.000568470743019 
231.mp3	0.903802037239	1	0	0.92581140995	0.0404807329178	0.00154559500515	0.000515170977451	2.22457146645	96.8260192871	930.33984375	0.0051923901774	0.0345303602517	0.00401035742834	0.0624068044126	0	11	11	0	0.046391248703	0.502084076405	0.445330172777	0.000619298021775 
232.mp3	0.0655488520861	1	0	0.975785672665	0.00716470601037	0.354456454515	0.0338227748871	5.59115934372	154.573059082	1235.30883789	0.00321234366857	0.0169550459832	7.71767372498e-05	0.0136682568118	1	11	11	1	0.0480633787811	0.485956043005	0.442459136248	0.0003648197453 
233.mp3	0.9509999156	1	0	0.990211248398	0.0152246756479	0.0010303966701	0.00154399336316	2.28313994408	99.9909210205	568.359619141	0.00529072294012	0.0338590480387	0.000392659276258	0.0588841550052	1	4	4	1	0.0398674979806	0.640429139137	0.446532130241	0.000837695144583 
234.mp3	0.825403630733	1	0	0.995876312256	0.00410879729316	0.308247417212	0.035275682807	7.42662763596	162.571640015	718.317993164	0.0032521779649	0.0165885630995	0.000672326481435	0.027781393379	0	9	9	0	0.0336297415197	0.54564255476	0.380814105272	0.00147319689859 
235.mp3	0.792473495007	1	0	0.999484777451	0.00102986802813	0.133436366916	0.0543997623026	3.18024134636	85.9114379883	1850.2902832	0.00329859112389	0.0135288489982	0.000170978251845	0.0159421209246	0	2	5	1	0.0757132768631	0.482034176588	0.444683939219	0.000673330621794 
236.mp3	0.049606256187	1	0	0.97422683239	0.01121673733	0.52319586277	0.0328798219562	9.35603713989	120.373596191	574.023681641	0.00291900150478	0.0171005316079	0.000332233787049	0.018819924444	0	3	12	1	0.0242957677692	0.436096787453	0.395616859198	0.0016811924288 
237.mp3	0.89599353075	1	0	1	0	0.145801126957	0.0147247649729	5.09795665741	112.161811829	1455.22363281	0.00391043862328	0.0194498449564	0.000158758019097	0.0209287926555	1	9	9	1	0.0562690682709	0.571975886822	0.444163113832	0.000549352902453 
238.mp3	0.843862175941	1	0	0.976816058159	0.00614720862359	0.019577536732	0.0142244100571	2.8779630661	98.1448059082	348.823425293	0.00434069195762	0.02319621481	0.00208899215795	0.0313277468085	1	9	1	1	0.0165545195341	0.51874768734	0.347124785185	0.00137908151373 
239.mp3	0.456913083792	1	0	0.992787241936	0.0041067795828	0.424008250237	0.046105787158	6.11324453354	100.723495483	422.990112305	0.00276375212707	0.0124992476776	0.00115111551713	0.0273345839232	0	7	12	0	0.0195269733667	0.399836838245	0.2088752985	0.00408899364993 
24.mp3	0.950737535954	1	0	1	0	0.0144255533814	0.0147247798741	1.75078737736	95.7734832764	1070.74743652	0.00479936413467	0.025719569996	0.000128703133669	0.0355470068753	1	8	8	1	0.0435760207474	0.507920622826	0.443776845932	0.000440736854216 
240.mp3	0.888483941555	1	0	1	0	0.160741880536	0.0404811948538	5.15712022781	129.347930908	1369.30236816	0.00448445277289	0.0265388730913	8.28359770821e-05	0.0262734219432	1	5	5	1	0.0628287941217	0.58779835701	0.435044109821	0.00128421990667 
241.mp3	0.959349393845	1	0	1	0	0.0278207100928	0.00102987512946	2.22717905045	151.964630127	615.416381836	0.00495221838355	0.02731875889	0.000211673483136	0.0384681709111	0	3	9	1	0.0288033112884	0.593163371086	0.432843565941	0.000456961686723 
242.mp3	0.930497348309	1	0	0.998969078064	0.00103040307295	0.00670103076845	0.00462004821748	2.22817850113	86.80809021	657.278320312	0.00534946797416	0.032280549407	0.00019958410121	0.0323615148664	1	9	9	1	0.0334495306015	0.531862437725	0.431534558535	0.00062995654298 
243.mp3	0.864226162434	0.998969078064	0.00205868110061	0.960309267044	0.0162312295288	0.0804123729467	0.000515438383445	3.15500998497	149.485015869	557.885009766	0.00491120293736	0.0310821048915	0.0053653260693	0.0542619638145	0	3	3	0	0.0258456822485	0.604001283646	0.447617471218	0.000643683364615 
244.mp3	0.323448002338	1	0	1	0	0.308247417212	0.0202037766576	4.62278699875	119.612319946	1838.72583008	0.00301386113279	0.012480895035	0.000123089397675	0.0160847976804	1	1	1	1	0.0718148425221	0.523768782616	0.449464321136	0.000428012514021 
245.mp3	0.800123691559	1	0	0.990726411343	0.00716448109597	0.14322514832	0.0625208467245	3.93350195885	109.175582886	1209.62634277	0.00392879731953	0.0203260667622	0.000815965351649	0.0321727506816	1	12	12	1	0.0476681739092	0.48538351059	0.437595367432	0.00115374056622 
246.mp3	0.78464537859	1	0	0.879896879196	0.0395553484559	0.00103092787322	0.000515436171554	2.45983314514	108.380058289	433.793182373	0.0064738788642	0.05044959113	0.00129342277069	0.0556360371411	0	12	4	0	0.0182292498648	0.436678081751	0.433315098286	0.000728041632101 
247.mp3	0.903746843338	1	0	0.988665640354	0.00919211748987	0.136012360454	0.0525700002909	3.59492945671	133.249313354	888.649047852	0.003575761104	0.0171922370791	0.00104638654739	0.0264543890953	1	7	11	0	0.0498864464462	0.501381099224	0.43525069952	0.000733595981728 
248.mp3	0.824306607246	1	0	0.98145288229	0.00817939266562	0.00566718168557	0.00563818914816	1.93944334984	97.6995162964	657.503540039	0.00476884376258	0.0272861775011	0.00055505882483	0.0355517230928	0	5	5	0	0.0340551659465	0.453662335873	0.363443702459	0.00138948427048 
25.mp3	0.968328297138	1	0	1	0	0.0010303966701	0.000515170919243	2.07536125183	143.636047363	1749.5456543	0.00541218230501	0.0318703502417	0.000130781438202	0.0347117744386	1	3	13	0	0.0568260252476	0.4492803514	0.478237569332	0.000361452344805 
250.mp3	0.00403426960111	0.997939229012	0.0020576142706	0.98093765974	0.00919220037758	0.640391528606	0.0338228046894	9.80959224701	125.585662842	1279.4609375	0.00206601712853	0.0103137167171	0.00051566818729	0.0157043486834	0	5	5	0	0.0483300313354	0.483216792345	0.445033669472	0.000547740026377 
253.mp3	0.920277714729	1	0	1	0	0.0133951567113	0.00512818759307	2.73429369926	106.451858521	1347.48583984	0.00517234811559	0.0298051312566	7.80694826972e-05	0.0342016778886	0	9	9	0	0.0516491383314	0.492147386074	0.454518377781	0.000651804788504 
254.mp3	0.971979796886	1	0	0.999484539032	0.00103040004615	0.0443298965693	0.0231611579657	2.92806553841	107.030136108	889.960327148	0.00445733079687	0.0238225869834	0.000149601197336	0.0327734388411	1	9	9	1	0.0438564643264	0.473832130432	0.423669010401	0.00101792591158 
257.mp3	0.978116869926	1	0	1	0	0.0010303966701	0.000515170919243	0.922780632973	96.3775253296	1555.58349609	0.00572760030627	0.0345017313957	4.60478222521e-05	0.0362399928272	1	5	11	1	0.061078928411	0.59344792366	0.472868382931	0.000387784501072 
258.mp3	0.863841831684	1	0	0.998969614506	0.00205763825215	0.0947964936495	0.0442390590906	3.52917933464	113.891418457	669.860168457	0.00426098098978	0.022302813828	0.000371662463294	0.0305706299841	1	7	1	0	0.0391306728125	0.509929478168	0.371651828289	0.00124675675761 
260.mp3	0.744215011597	1	0	0.998454391956	0.00205760449171	0.0273055117577	0.0051281452179	3.06203746796	144.384490967	1046.30566406	0.00378151796758	0.0174025483429	0.00030678109033	0.0245129689574	0	9	3	0	0.0565357245505	0.634505391121	0.460976064205	0.000328340218402 
262.mp3	0.118675582111	1	0	0.989696025848	0.00919213797897	0.43791860342	0.0687161833048	8.63199901581	130.135375977	636.870544434	0.002630131552	0.0124571146443	0.000770100217778	0.0222524870187	1	1	1	1	0.0303282774985	0.528675317764	0.395832300186	0.00128523900639 
264.mp3	0.845808088779	1	0	0.986604869366	0.00716445315629	0.138073161244	0.0643000379205	3.5591135025	184.570281982	942.08013916	0.00369243347086	0.0181506387889	0.000523559981957	0.0288914479315	1	13	13	0	0.0415504463017	0.540171504021	0.439114958048	0.000756431778427 
265.mp3	0.863499701023	1	0	1	0	0.248840808868	0.0949108973145	4.65601491928	117.682815552	1374.96325684	0.0036134950351	0.0184000525624	0.000271118624369	0.021367020905	0	11	7	1	0.0688775926828	0.571254789829	0.447818219662	0.000693717796821 
266.mp3	0.974352538586	1	0	0.978361666203	0.0172187387943	0.0010303966701	0.00205763732083	1.56195950508	147.630966187	359.477813721	0.00650965701789	0.0472157262266	0.00155338039622	0.059399202466	1	9	1	1	0.0176025256515	0.471231907606	0.401475161314	0.000705577316694 
269.mp3	0.905357778072	1	0	0.952601730824	0.058028075844	0.00257599167526	0.00257070246153	2.05010843277	164.670181274	538.105407715	0.00557307060808	0.0363750532269	0.000703480152879	0.0562081150711	1	12	3	0	0.0344571582973	0.56537771225	0.431656092405	0.000578652950935 
270.mp3	0.967675447464	1	0	1	0	0.145801126957	0.0502725616097	3.56437563896	135.285614014	609.780761719	0.00425348710269	0.0231070313603	0.000230133024161	0.0391993895173	1	7	7	1	0.0282556619495	0.522310972214	0.382484078407	0.00145456544124 
272.mp3	0.958799004555	1	0	0.918356716633	0.0737042427063	0.0764430612326	0.010297681205	2.59033250809	110.086669922	790.374755859	0.00578717049211	0.0423844493926	0.000307916314341	0.0425864309072	1	9	3	1	0.0455315299332	0.52474963665	0.439984738827	0.000724796846043 
273.mp3	0.974603950977	1	0	0.996908783913	0.00512808002532	0.00360638834536	0.005637914408	2.16354560852	118.752914429	983.947387695	0.00416680565104	0.0206545535475	0.000558769505005	0.0287760142237	1	3	3	1	0.0429808236659	0.521335363388	0.43932262063	0.000642558734398 
274.mp3	0.942124545574	1	0	0.997939229012	0.0030832150951	0.195260182023	0.072645790875	4.37631225586	152.696716309	1588.11413574	0.00350812519901	0.0174768362194	0.000240057590418	0.0378506854177	0	13	13	0	0.0830571204424	0.553218722343	0.466858237982	0.000745618948713 
275.mp3	0.817457675934	1	0	0.967525780201	0.0280470084399	0.00154639175162	0.00103040458634	1.86462366581	155.896484375	934.68927002	0.00614272430539	0.0426249951124	0.000205770003959	0.0465329997241	0	10	11	1	0.0352780669928	0.543030261993	0.460483551025	0.000409832864534 
276.mp3	0.932697534561	1	0	1	0	0.0432766601443	0.0275472551584	2.68668174744	155.42074585	1344.00720215	0.00423185899854	0.0216818097979	0.000163957825862	0.0352982021868	0	3	3	0	0.0635002106428	0.524263262749	0.454076379538	0.000627168512437 
278.mp3	0.925489485264	1	0	0.991752564907	0.00308477669023	0.0386597923934	0.0299862604588	2.77106976509	120.220924377	559.917724609	0.00408173212782	0.0205650608987	0.000429779407568	0.0352973341942	1	5	5	1	0.0303650535643	0.584338545799	0.423773795366	0.000633283867501 
279.mp3	0.946840524673	1	0	1	0	0.0267903134227	0.0102031864226	2.22444438934	110.941429138	1402.54675293	0.00432019075379	0.0209809225053	0.000236344611039	0.0280562788248	1	13	13	1	0.0561968684196	0.549167215824	0.469472050667	0.000340933824191 
280.mp3	0.69804507494	1	0	1	0	0.249484539032	0.0507586933672	4.77501153946	165.337753296	676.693359375	0.0033807111904	0.0158664863557	0.000232778009376	0.0173409804702	1	13	13	1	0.0335562489927	0.523972451687	0.380441308022	0.00201609591022 
281.mp3	0.952790796757	1	0	0.993814408779	0.0071681747213	0.148969069123	0.081683754921	3.31123065948	125.976600647	830.309570312	0.00392162473872	0.0204561054707	0.000532868376467	0.0402867421508	0	7	12	1	0.0370434336364	0.576065182686	0.395497083664	0.00229569920339 
282.mp3	0.752417623997	1	0	1	0	0.134020611644	0.0390825085342	4.01157426834	95.5660476685	1666.0723877	0.0034907378722	0.0152343176305	0.000206923490623	0.018348030746	0	10	4	0	0.0589639879763	0.521088898182	0.459024250507	0.000353731767973 
284.mp3	0.949480891228	1	0	0.897990703583	0.0643001496792	0.0443070568144	0.0117154847831	2.39183068275	80.0765762329	546.867126465	0.00683214375749	0.0549127012491	0.00114410859533	0.0608971901238	1	9	9	1	0.0191783085465	0.489833623171	0.437363088131	0.000511714024469 
285.mp3	0.709700763226	1	0	0.993814408779	0.00513076828793	0.103608250618	0.0362319685519	3.64759159088	113.511688232	557.699584961	0.00379304797389	0.0186610557139	0.00236469996162	0.0323645472527	1	3	3	1	0.0275227017701	0.55923551321	0.40816155076	0.0011622516904 
286.mp3	0.914486825466	1	0	0.993302404881	0.00308319134638	0.00978876836598	0.00817926321179	1.78012704849	115.038726807	557.757446289	0.00495832506567	0.0275165997446	0.000116873408842	0.033255405724	1	10	10	1	0.0276119150221	0.564304590225	0.382797539234	0.0012422966538 
288.mp3	0.802700221539	1	0	0.895876288414	0.0470585636795	0.0948453620076	0.0696267560124	3.62509775162	140.220779419	270.18939209	0.00549418712035	0.0420611128211	0.00101213436574	0.0654085427523	1	8	8	0	0.0113233430311	0.289598792791	0.374129444361	0.00100944947917 
289.mp3	0.726244866848	1	0	0.98712003231	0.0102030569687	0.165893867612	0.0593829005957	3.76772212982	154.901489258	584.046875	0.003529247595	0.0169834531844	0.000622785650194	0.0336644016206	1	12	12	1	0.0282113868743	0.543164968491	0.391887456179	0.00141476525459 
290.mp3	0.927433371544	1	0	0.978350520134	0.0260990243405	0.0221649482846	0.0162311103195	2.61014699936	129.72984314	464.202911377	0.00532188126817	0.0362009964883	0.000351873459294	0.031456515193	0	11	1	1	0.0202873311937	0.483802109957	0.369112014771	0.00195803563111 
292.mp3	0.980056285858	1	0	1	0	0.00824317336082	0.00767210638151	0.877632498741	95.0944824219	1446.2611084	0.00594959408045	0.037455663085	8.16594547359e-05	0.0397195890546	0	5	11	1	0.0590817779303	0.613249242306	0.467980057001	0.000382787955459 
293.mp3	0.972915053368	1	0	0.965481698513	0.0366888567805	0.00257599167526	0.00205763499252	2.30816340446	94.9979019165	897.460754395	0.00552473915741	0.0361264646053	0.00128285982646	0.060032594949	1	5	5	1	0.0349942445755	0.551641285419	0.467289716005	0.000180823364644 
294.mp3	0.915337324142	1	0	0.997424006462	0.00205763778649	0.0556414201856	0.0362127870321	2.63075423241	99.9824523926	708.858703613	0.00448045041412	0.0239876862615	0.000243496659095	0.0386414974928	1	9	9	1	0.0336571931839	0.555715441704	0.404265493155	0.00124880392104 
296.mp3	0.773446619511	0.999484539032	0.00103040284012	0.975257754326	0.0102084437385	0.0685567036271	0.0162313245237	3.51516652107	85.2605133057	674.001831055	0.00440390361473	0.0248532500118	0.00434594182298	0.0530087538064	0	7	2	1	0.0297836456448	0.530780911446	0.433687239885	0.000608032627497 
297.mp3	0.97299861908	1	0	0.981443285942	0.022177234292	0.00103092787322	0.000515436171554	1.23051726818	134.950683594	578.384643555	0.00733460998163	0.0574758946896	0.000267818599241	0.0694781169295	0	12	2	1	0.02356284298	0.483436793089	0.424160540104	0.00067249010317 
298.mp3	0.944437146187	0.986089646816	0.0132222529501	0.759402394295	0.079097867012	0.00206079334021	0.00154399336316	2.57808589935	143.303237915	739.117736816	0.00763157755136	0.0749346911907	0.00802031066269	0.132083773613	0	8	13	1	0.022558292374	0.427690982819	0.434271961451	0.000509592995513 
299.mp3	0.932626008987	1	0	0.798969089985	0.0799891725183	0.00309278350323	0.00410886248574	2.04671692848	163.17565918	227.617416382	0.00764743844047	0.0684927403927	0.00118496781215	0.0741504728794	0	12	4	0	0.00907070469111	0.319590449333	0.372712552547	0.00121495500207 
3.mp3	0.576386451721	0.921133995056	0.017227338627	0.678350508213	0.0507586933672	0.00103092787322	0.000515436171554	3.0756509304	95.9035720825	405.62020874	0.00910877436399	0.110862836242	0.0283438358456	0.166227504611	0	5	11	0	0.0138113116845	0.412266165018	0.451601952314	0.000338058336638 
300.mp3	0.724471092224	1	0	0.989696025848	0.00512812146917	0.00154559500515	0.00102987512946	2.4803519249	155.21697998	1408.69750977	0.0043942858465	0.0225771535188	0.000292155862553	0.0262766890228	1	5	5	1	0.0609063580632	0.585607767105	0.470788955688	0.000299440260278 
301.mp3	0.59784168005	1	0	0.982998430729	0.0112116141245	0.0664605870843	0.0221664030105	3.91046142578	82.0469970703	478.964172363	0.00399417756125	0.0205613002181	0.000572844815906	0.0387614630163	1	12	3	0	0.026731448248	0.531697571278	0.391007810831	0.00142554484773 
302.mp3	0.824323713779	1	0	0.989180862904	0.0152243915945	0.109737247229	0.02412949875	3.70469760895	132.560256958	1178.28991699	0.00502751907334	0.0322029069066	0.000607450841926	0.0469943322241	1	11	11	1	0.0519001968205	0.519917666912	0.453971743584	0.000428082217695 
303.mp3	0.970452845097	1	0	1	0	0.0252447184175	0.00461768219247	1.38776946068	153.847915649	1963.08728027	0.00499553512782	0.0272654443979	6.45394611638e-05	0.0292867477983	1	10	11	1	0.0843116566539	0.613830208778	0.483262598515	0.000315692799632 
304.mp3	0.773271739483	1	0	0.998969614506	0.00102986919228	0.177743434906	0.0669585317373	3.74098968506	151.400299072	1249.00341797	0.00334397563711	0.0145520595834	0.000315121636959	0.0187797676772	1	1	1	1	0.0459834635258	0.47141841054	0.412612468004	0.000755811692216 
305.mp3	0.753977239132	1	0	0.995363235474	0.00308321649209	0.102009274065	0.0584816783667	3.80001211166	131.421081543	1194.16210938	0.00349175115116	0.015678929165	0.000228381191846	0.0198497883976	1	9	5	0	0.0474923327565	0.562452614307	0.4536062181	0.000526277523022 
306.mp3	0.976603329182	1	0	1	0	0.00360638834536	0.00512809772044	1.96158027649	104.903526306	635.451416016	0.00495043955743	0.0278430934995	0.000181402763701	0.0439506135881	1	10	10	1	0.0307461228222	0.541259050369	0.417134582996	0.00125919317361 
307.mp3	0.967803299427	1	0	0.998969078064	0.00205869111232	0.00154639175162	0.00103040458634	1.76980912685	119.92514801	1177.71520996	0.00460768910125	0.0237324982882	0.000276372244116	0.0329235047102	1	9	9	1	0.0513196177781	0.565217673779	0.449563890696	0.000444032048108 
308.mp3	0.938908934593	1	0	0.962371110916	0.0442603603005	0.00567010324448	0.00767620839179	2.47317051888	100.047157288	416.772491455	0.0056411777623	0.03755524382	0.000603564665653	0.0567903704941	1	5	5	1	0.0278088748455	0.548414051533	0.435565084219	0.000556273560505 
309.mp3	0.971076905727	1	0	1	0	0.0618238039315	0.0117151625454	3.36194705963	110.009132385	1444.01318359	0.00349154998548	0.0142006762326	2.70667296718e-05	0.0190380401909	0	5	11	0	0.0585200414062	0.541746199131	0.467857778072	0.000462565600174 
31.mp3	0.932825565338	0.999484539032	0.00103040190879	0.951546370983	0.0507586859167	0.0443298965693	0.0162312369794	3.29551649094	80.2971191406	1106.38269043	0.00445506908	0.0267426129431	0.00158566900063	0.0585775971413	1	11	11	1	0.0567493550479	0.496230095625	0.459551930428	0.000505047559272 
310.mp3	0.861919283867	1	0	0.995363235474	0.00512811494991	0.208655327559	0.0525698810816	5.6524066925	172.265609741	467.356140137	0.00391465472057	0.0211388785392	0.000394528673496	0.0270121153444	1	5	5	1	0.0307096447796	0.551833510399	0.353591173887	0.00118141120765 
311.mp3	0.836269140244	0.999484777451	0.0010298662819	0.946934580803	0.0309373568743	0.0381246767938	0.0347803868353	3.00506162643	143.228988647	550.241760254	0.00541423214599	0.0376370884478	0.00111576670315	0.0523475669324	0	1	9	0	0.0253747757524	0.496040940285	0.426139622927	0.000674722192343 
312.mp3	0.579692542553	1	0	0.989690721035	0.00410884292796	0.144845366478	0.0553362332284	4.41501998901	115.802818298	881.610107422	0.00359432445839	0.0172997098416	0.000241616304265	0.0254013370723	1	9	9	1	0.0458868592978	0.572749435902	0.443071603775	0.000619620492216 
313.mp3	0.87163579464	0.995360851288	0.00308478763327	0.815463900566	0.0808367133141	0.00515463901684	0.00564084621146	2.62091851234	98.6049194336	470.199249268	0.00697473576292	0.0610849894583	0.00280678202398	0.0839706882834	1	9	9	1	0.0230259839445	0.387956649065	0.436357438564	0.000371719885152 
314.mp3	0.968931436539	1	0	1	0	0.00154639175162	0.00103040458634	1.72837150097	147.218399048	917.971679688	0.00541682681069	0.0322687514126	0.000184233053005	0.0499632060528	1	3	3	1	0.0665484592319	0.621676504612	0.452460825443	0.000525506562553 
315.mp3	0.967516899109	1	0	0.996393620968	0.00410678889602	0.0010303966701	0.000515170919243	1.95135712624	119.376144409	1094.14501953	0.00444527203217	0.0228937584907	0.000473759690067	0.0361072085798	1	9	9	1	0.0477557182312	0.5768917799	0.441919177771	0.000629555725027 
316.mp3	0.899013698101	1	0	0.990721642971	0.0132290869951	0.0211340207607	0.0142317051068	3.05048394203	114.628005981	947.705993652	0.00428771181032	0.022859569639	0.000488939986099	0.037340760231	1	3	9	1	0.0542606301606	0.480090558529	0.409235954285	0.00175432313699 
317.mp3	0.963827192783	1	0	1	0	0.0355670116842	0.0241430997849	2.22244906425	142.605514526	2212.97753906	0.00375812407583	0.0156732555479	3.35457698384e-05	0.0220633689314	0	7	10	1	0.0892540365458	0.614583611488	0.4845315516	0.000262252055109 
318.mp3	0.979500055313	1	0	1	0	0.00978876836598	0.0142245795578	1.71167218685	86.0580596924	2146.89599609	0.0039061261341	0.0173088479787	9.01922758203e-05	0.0309836063534	0	11	11	0	0.0730260983109	0.508581280708	0.481728225946	0.000236648818827 
319.mp3	0.49638786912	1	0	0.981443285942	0.0162312947214	0.282474219799	0.0867235064507	5.80395126343	103.634513855	580.028930664	0.00330638536252	0.0176113266498	0.000666757288855	0.0382121913135	1	3	3	1	0.0251235812902	0.456687301397	0.356315761805	0.00173746910878 
32.mp3	0.67663449049	1	0	1	0	0.123711340129	0.0507588014007	4.43709468842	70.3706054688	1588.9263916	0.00343889323995	0.0158303417265	0.00019295536913	0.0305167753249	1	7	7	1	0.0638500750065	0.575206398964	0.46362605691	0.000616530887783 
320.mp3	0.98407292366	1	0	1	0	0.00154639175162	0.00154478580225	0.815209984779	96.1282119751	1447.59802246	0.00621387828141	0.040631275624	3.71571004507e-05	0.0421147495508	1	5	5	1	0.0590734742582	0.60177230835	0.470283925533	0.000422613898991 
321.mp3	0.977121353149	1	0	1	0	0.0113343633711	0.0152247212827	1.51156497002	110.117851257	2070.82861328	0.00373114016838	0.015323586762	4.6374865633e-05	0.0189183168113	1	8	13	0	0.0764322429895	0.568763971329	0.479105174541	0.000162580879987 
322.mp3	0.909631431103	1	0	0.999484777451	0.00102987478022	0.111798040569	0.0414242297411	4.78368520737	138.10748291	949.682434082	0.00405020685866	0.0211693458259	0.000290175667033	0.0311793927103	1	9	9	1	0.0407492220402	0.590030014515	0.43170568347	0.000910702801775 
323.mp3	0.565245628357	1	0	0.989175260067	0.00716812862083	0.211340203881	0.0799893140793	4.54307603836	148.20199585	781.57635498	0.00367692485452	0.0192970987409	0.000805330229923	0.0323362611234	0	3	3	0	0.0291622206569	0.484706431627	0.433849543333	0.000650311412755 
324.mp3	0.89583325386	1	0	0.936630606651	0.0280322562903	0.0999484807253	0.0304541625082	3.80042362213	163.322387695	597.648803711	0.00515411421657	0.0354625880718	0.00119816779625	0.0540800131857	1	11	3	1	0.0295018982142	0.424540698528	0.430676400661	0.000418700627051 
325.mp3	0.621481955051	1	0	0.998969078064	0.0010303958552	0.235051542521	0.0744132772088	4.45969867706	164.836471558	1332.29833984	0.00305336969905	0.0129040945321	0.000241697969614	0.0199552569538	0	11	11	0	0.052490234375	0.517209410667	0.444242238998	0.000560894666705 
326.mp3	0.81763035059	1	0	0.880412399769	0.0757067129016	0.0149484537542	0.0107124336064	2.83621740341	172.265563965	867.061462402	0.00574884610251	0.0465139597654	0.00352732697502	0.0893187299371	1	1	1	1	0.0433837883174	0.48408728838	0.45259603858	0.000350096001057 
327.mp3	0.695272743702	1	0	0.974240064621	0.0112109938636	0.0376094803214	0.0196991469711	2.6871907711	126.607955933	914.230895996	0.00510598998517	0.031453397125	0.00143497274257	0.0443739704788	1	11	3	1	0.0589280761778	0.505728006363	0.428802371025	0.000796414737124 
328.mp3	0.886399209499	1	0	1	0	0.00721277669072	0.0051281475462	3.25549149513	119.209770203	1238.98193359	0.00465317023918	0.0247597508132	0.000230031466344	0.0286356862634	1	1	7	1	0.043119687587	0.553702116013	0.46114680171	0.000580704014283 
329.mp3	0.768186807632	1	0	0.996907234192	0.00410886667669	0.144329890609	0.0142317879945	6.0312833786	178.205841064	555.342102051	0.00409834319726	0.0227096229792	0.000260026718024	0.030296806246	1	1	7	1	0.0313310436904	0.526720404625	0.421372145414	0.000592402531765 
330.mp3	0.985489010811	1	0	1	0	0.00103092787322	0.000515436171554	0.523484110832	126.378128052	2092.77734375	0.00476690800861	0.0236287713051	1.73204316525e-05	0.0235703587532	0	7	2	1	0.0718276798725	0.65021109581	0.48571947217	0.000246096868068 
332.mp3	0.978181600571	1	0	0.831530153751	0.114543877542	0.00154559500515	0.00154399336316	1.76168394089	120.06690979	810.932312012	0.00828275363892	0.0753207206726	0.0014999761479	0.094098508358	1	9	5	1	0.0454390868545	0.4868029356	0.467538058758	0.00021052021475 
333.mp3	0.983788847923	1	0	0.928865969181	0.0875555574894	0.00103092787322	0.000515436171554	0.743084430695	184.570205688	1591.84033203	0.0060300170444	0.0413685105741	6.27349072602e-05	0.0406531058252	1	1	1	1	0.0609312094748	0.613119125366	0.481901437044	0.000196652836166 
334.mp3	0.821644663811	1	0	1	0	0.104123711586	0.0748441591859	3.83419060707	125.437141418	1005.29052734	0.00409672316164	0.0212235599756	0.000229034689255	0.0312159862369	1	11	11	0	0.0444713458419	0.595326125622	0.436432659626	0.00120925251395 
335.mp3	0.961490154266	1	0	1	0	0.00154639175162	0.00103040458634	1.66914880276	145.154144287	1364.57043457	0.00559123558924	0.0334412418306	6.01717474638e-05	0.0354207530618	1	5	11	1	0.0555747114122	0.562857687473	0.459857404232	0.000416093680542 
336.mp3	0.881222367287	1	0	1	0	0.00618238002062	0.00665604742244	3.41219758987	97.5097579956	1277.52148438	0.00417663343251	0.0199622772634	9.15943819564e-05	0.0236954707652	1	9	9	1	0.0527620464563	0.494404315948	0.448538661003	0.000454558612546 
337.mp3	0.841467022896	1	0	0.998969614506	0.00102987361606	0.0226687267423	0.00308318971656	3.51267695427	112.908157349	541.071655273	0.00530958268791	0.0321852527559	0.000279072730336	0.0368106178939	1	9	9	0	0.022876014933	0.488144695759	0.4471141994	0.000640355516225 
338.mp3	0.596860170364	0.993298947811	0.00818352866918	0.93556702137	0.0386081710458	0.190206184983	0.048913821578	5.08893442154	112.276679993	622.641723633	0.00424948567525	0.0298012439162	0.00355964433402	0.0577000826597	1	9	11	0	0.0297189615667	0.51544046402	0.454961121082	0.00047668555635 
339.mp3	0.979616940022	1	0	0.975785672665	0.0182126238942	0.0010303966701	0.000515170919243	1.51854074001	130.855575562	706.234436035	0.00637745857239	0.0456005372107	0.000169379622093	0.0524835474789	1	9	9	1	0.0352923460305	0.570693910122	0.457265079021	0.000480035203509 
340.mp3	0.311191320419	1	0	0.985574424267	0.00716457189992	0.399793922901	0.101336278021	8.65094089508	143.264022827	970.453613281	0.00268591730855	0.0128070497885	0.000537133426405	0.0193124320358	1	13	13	0	0.0404013097286	0.583210170269	0.421723872423	0.00109692988917 
341.mp3	0.30134037137	1	0	0.981968045235	0.00919212307781	0.223596081138	0.0687163025141	4.91253232956	178.205856323	462.35144043	0.00332019873895	0.0162747055292	0.000200602182304	0.0181095674634	1	11	3	1	0.022537663579	0.477048933506	0.37935808301	0.000965558981989 
342.mp3	0.964074671268	0.999484777451	0.00102987128776	0.798042237759	0.0704689472914	0.0010303966701	0.000515170919243	1.52430641651	119.508033752	554.229248047	0.00773290358484	0.0700434148312	0.0012128315866	0.0690692067146	1	9	1	0	0.0210338272154	0.389173597097	0.422662973404	0.000427599239629 
343.mp3	0.933485627174	1	0	1	0	0.00567010324448	0.0030847848393	1.96368229389	149.438659668	968.842956543	0.00508417375386	0.0293956790119	0.000198928362806	0.0387881025672	1	9	9	1	0.0369991324842	0.501302719116	0.439878821373	0.000768343452364 
344.mp3	0.95158547163	1	0	0.990211248398	0.0112115424126	0.053065430373	0.0192038025707	3.63661360741	112.667915344	483.792480469	0.00437420140952	0.0235279276967	0.000828528776765	0.0386527255177	1	11	11	1	0.0244573317468	0.448368489742	0.369573652744	0.00120095373131 
345.mp3	0.985260605812	1	0	1	0	0.0010303966701	0.000515170919243	0.930058240891	93.5785598755	1381.68005371	0.00593874091282	0.0372591987252	6.01925021328e-05	0.042499192059	1	5	5	1	0.0598452687263	0.625146150589	0.469641089439	0.000236559309997 
346.mp3	0.978205025196	1	0	0.451313763857	0.144542396069	0.00309119001031	0.00257070292719	1.64744675159	119.989448547	518.202575684	0.00904497131705	0.0954677686095	0.00186962459702	0.139683559537	0	10	2	1	0.0286496076733	0.503955066204	0.462671548128	0.000400994409574 
347.mp3	0.583624362946	1	0	1	0	0.196493044496	0.0585377253592	4.91439437866	151.084014893	1008.47015381	0.00359744159505	0.0176672767848	0.000160821087775	0.0258430745453	1	5	5	1	0.0442137531936	0.54909235239	0.432780861855	0.000738901784644 
348.mp3	0.982713282108	1	0	0.999484777451	0.00102987338323	0.00978876836598	0.00461777439341	1.78775453568	107.862945557	1102.14587402	0.00530287437141	0.0305366162211	0.000120788776258	0.0454001203179	1	11	11	1	0.0730874761939	0.594334244728	0.441814929247	0.000656111747958 
349.mp3	0.88964432478	1	0	0.99742269516	0.00308477366343	0.0103092780337	0.0107125686482	2.47301292419	104.065849304	641.829101562	0.00431521423161	0.0220180097967	0.000337640783982	0.0305325109512	1	1	1	1	0.0336398109794	0.568172395229	0.411810994148	0.000718620838597 
35.mp3	0.865877270699	1	0	1	0	0.0968572869897	0.0687164962292	4.72309064865	155.727737427	823.096740723	0.00399101618677	0.0207345131785	0.000130367392558	0.024555131793	1	12	12	1	0.0384225286543	0.476829081774	0.395501405001	0.00139772053808 
350.mp3	0.966047048569	1	0	0.996908783913	0.00308319064789	0.00669757835567	0.0051281740889	2.06500577927	103.19216156	544.429138184	0.00551580497995	0.0345969423652	0.000224360483116	0.0467202626169	1	3	9	0	0.0531786344945	0.573809564114	0.421697676182	0.000703929283191 
352.mp3	0.839099645615	1	0	1	0	0.282328695059	0.0807982608676	5.17448711395	128.136505127	884.085144043	0.00322612421587	0.0152512956411	0.00028902469785	0.0296808220446	0	11	11	0	0.0393704101443	0.49488517642	0.409992158413	0.00291301333345 
353.mp3	0.616680145264	1	0	0.993302404881	0.00410673068836	0.312725394964	0.0795244351029	5.21414041519	107.427474976	1021.74951172	0.00311028328724	0.0147005692124	0.00064987631049	0.0316155254841	1	3	3	1	0.0399842225015	0.505640566349	0.446297615767	0.000344699743437 
354.mp3	0.916011989117	1	0	1	0	0.104639172554	0.0461281426251	2.89484810829	86.0410766602	1662.55456543	0.00372452079318	0.0165092926472	5.77807732043e-05	0.0359112657607	1	9	1	1	0.0737845823169	0.65591943264	0.466469615698	0.000373762683012 
355.mp3	0.914394915104	1	0	0.998969614506	0.00102986511774	0.309119015932	0.0786731913686	5.33720493317	77.4985198975	1144.24267578	0.00317635340616	0.0148952938616	0.000193497937289	0.0393077395856	1	12	4	1	0.0471059344709	0.571849226952	0.416608721018	0.00101991696283 
356.mp3	0.986284911633	1	0	0.571354985237	0.16727219522	0.0010303966701	0.000515170919243	0.636089205742	120.058273315	359.293609619	0.0102112330496	0.110835075378	0.000233478232985	0.105610623956	1	10	2	1	0.0146957309917	0.520673274994	0.45091983676	0.000340219354257 
357.mp3	0.949089348316	1	0	0.999484777451	0.00102987489663	0.0164863467216	0.0147248348221	2.15196990967	154.172698975	1072.02185059	0.00493020284921	0.0279660280794	0.000277413259028	0.0374883785844	1	12	12	1	0.0577069967985	0.583452761173	0.458713769913	0.000500781170558 
358.mp3	0.892024695873	1	0	0.999484539032	0.0010304027237	0.101546391845	0.0461281463504	3.24741411209	116.426498413	1415.39245605	0.00343963992782	0.0148834995925	0.000359953817679	0.0244932882488	0	11	11	0	0.062587082386	0.628161847591	0.44522228837	0.000469626946142 
359.mp3	0.335322350264	0.99381762743	0.00716440938413	0.891293168068	0.0251086801291	0.0242143217474	0.0112114464864	4.33164453506	139.987136841	444.019348145	0.00540077034384	0.0424185879529	0.00608993740752	0.0698514804244	1	9	1	1	0.0163022037596	0.433949947357	0.441123634577	0.00045845808927 
360.mp3	0.97208827734	1	0	0.861855685711	0.0825301408768	0.00103092787322	0.00103040458634	1.72056269646	120.550689697	430.405853271	0.0073854108341	0.0630408897996	0.00155546830501	0.0860972926021	1	8	4	0	0.019411444664	0.514631688595	0.42503169179	0.000664691382553 
361.mp3	0.964284718037	1	0	0.988144338131	0.0071681230329	0.00412371149287	0.00359710259363	2.01439166069	129.553405762	447.346466064	0.00492272572592	0.0277915522456	0.000738398986869	0.0348257906735	1	7	12	1	0.0227073431015	0.495997786522	0.3666652143	0.00124210736249 
362.mp3	0.962160944939	0.998454391956	0.00205762940459	0.76609992981	0.11302550137	0.010303966701	0.00359518779442	2.00372290611	89.680267334	360.865081787	0.00814587064087	0.0761087834835	0.00253679929301	0.0982578471303	0	12	2	1	0.0156961921602	0.450906068087	0.437423169613	0.000444073695689 
364.mp3	0.975967109203	1	0	0.70324575901	0.119062028825	0.000515198335052	0.000515170919243	1.68331229687	119.941223145	525.406982422	0.00854575913399	0.0823773369193	0.00189702841453	0.129786014557	1	4	4	1	0.01745762676	0.443146526814	0.454544097185	0.000282177585177 
365.mp3	0.974101781845	1	0	1	0	0.0149484537542	0.0206973105669	2.53477907181	112.243644714	863.75213623	0.00408969353884	0.0202140118927	0.000203756950214	0.021045692265	1	11	11	1	0.0385158248246	0.538414061069	0.420375794172	0.000890695548151 
366.mp3	0.966200828552	1	0	1	0	0.00154559500515	0.00154399336316	1.87979853153	97.1953735352	1492.69165039	0.00513903237879	0.0290850233287	0.000161554606166	0.0372711271048	1	1	7	0	0.0584619306028	0.601660072803	0.472341299057	0.000394176575355 
367.mp3	0.0192561950535	0.994332790375	0.00102986721322	0.972694516182	0.0081793628633	0.42297783494	0.0525699518621	6.66004371643	95.2078094482	515.023864746	0.00281097879633	0.0153118753806	0.00294070295058	0.0251749400049	1	1	1	1	0.0249521527439	0.564610362053	0.402182072401	0.00101519259624 
368.mp3	0.930756390095	1	0	0.986597955227	0.0122243016958	0.12061855942	0.0521373189986	3.45749354362	94.4760055542	1078.22119141	0.00409242231399	0.0220264159143	0.000479380076285	0.0387106649578	1	4	4	1	0.0412023812532	0.518724322319	0.445292204618	0.000943418359384 
369.mp3	0.933292448521	1	0	0.997424006462	0.00410673394799	0.166924268007	0.0548550784588	4.85618686676	68.9644470215	525.715515137	0.00409034453332	0.0222993623465	0.000312051590299	0.0450780168176	1	13	13	1	0.0319750010967	0.507200241089	0.358886450529	0.00142020417843 
37.mp3	0.953058719635	1	0	0.99742269516	0.00410884199664	0.00154639175162	0.00154478580225	2.09517836571	139.291168213	1300.50585938	0.0053310925141	0.0323221348226	0.000143118202686	0.0342738516629	1	5	5	1	0.0457046367228	0.507467865944	0.474065095186	0.000336497585522 
370.mp3	0.328259378672	1	0	0.996907234192	0.00308477599174	0.338659793139	0.0669882148504	7.96895313263	129.304656982	625.658508301	0.00286726397462	0.0129262786359	0.000332703784807	0.0186007469893	1	5	5	1	0.0256715118885	0.537880659103	0.388426035643	0.00190186372492 
371.mp3	0.471769362688	1	0	1	0	0.33900052309	0.107628978789	4.61085939407	133.201675415	1314.44995117	0.00270526017994	0.0102468607947	0.000221145761316	0.01516580116	1	10	10	1	0.0511553213	0.602561056614	0.447078168392	0.000543459202163 
372.mp3	0.941095530987	1	0	0.995878398418	0.00512807862833	0.0139103550464	0.00665604695678	1.73443686962	97.5927810669	1101.49304199	0.00489473622292	0.0269978493452	0.000193297368241	0.0395488105714	0	13	13	1	0.0524158962071	0.532755672932	0.44769179821	0.00039865920553 
374.mp3	0.978106915951	1	0	1	0	0.00154639175162	0.00103040458634	0.976956784725	103.748855591	2304.97338867	0.00524475844577	0.0294463522732	4.28363273386e-05	0.03714671731	1	5	5	0	0.0841464623809	0.642330467701	0.485836982727	0.000217483466258 
375.mp3	0.909242808819	1	0	0.996393620968	0.0051280730404	0.294178247452	0.0488894209266	6.84332847595	90.9814758301	442.788970947	0.00362550513819	0.0194032918662	0.000698843738064	0.0320304296911	1	10	10	1	0.0254572890699	0.4777739048	0.378768652678	0.00110986712389 
376.mp3	0.961073458195	1	0	0.877897977829	0.0858510807157	0.189077794552	0.0949109271169	4.72545576096	128.993606567	661.93939209	0.00506184110418	0.0403159707785	0.00358149711974	0.102459907532	1	9	9	1	0.028530869633	0.452696740627	0.413688451052	0.00181649415754 
378.mp3	0.689545631409	1	0	0.862442016602	0.0782470330596	0.182895421982	0.0807987675071	4.25220632553	89.3791809082	770.049133301	0.0054285293445	0.0450402088463	0.00223794719204	0.0536631383002	0	1	4	1	0.0355366095901	0.451135098934	0.446454286575	0.00103533570655 
379.mp3	0.587749481201	1	0	0.98712003231	0.00410674931481	0.00412158668041	0.00359510956332	3.00623011589	112.539176941	408.11505127	0.00475067971274	0.0265505723655	9.86855229712e-05	0.0256653707474	1	11	3	0	0.0190017130226	0.56713706255	0.386118561029	0.000933537550736 
380.mp3	0.981581926346	1	0	0.945360839367	0.0739797875285	0.00103092787322	0.000515436171554	0.960250854492	151.028030396	747.325378418	0.00655201496556	0.0474232174456	0.00040584965609	0.0584059730172	0	12	4	0	0.0376303754747	0.518475711346	0.433386862278	0.000584616384003 
39.mp3	0.493477404118	1	0	1	0	0.0303967036307	0.0157242510468	2.42522549629	122.45690155	2177.26245117	0.00375848496333	0.0167916286737	7.58821479394e-05	0.0241820551455	0	5	11	1	0.0822116211057	0.608666539192	0.47703102231	0.000392576359445 
4.mp3	0.977628827095	1	0	0.9561855793	0.0433247275651	0.0448453612626	0.0197088550776	2.43617892265	85.0007095337	904.88079834	0.00620162673295	0.0465949326754	0.000554491358344	0.0691094994545	0	11	11	0	0.037768304348	0.491369724274	0.452230811119	0.000480840622913 
40.mp3	0.545333564281	1	0	0.993302404881	0.00512810936198	0.142194747925	0.0404804386199	4.58874464035	125.415687561	624.68762207	0.00392753956839	0.0203132033348	0.000316503428621	0.0285421628505	1	9	5	0	0.0314879789948	0.552733659744	0.433749288321	0.000669225351885 
41.mp3	0.970600426197	1	0	0.979896903038	0.0299862623215	0.00103092787322	0.000515436171554	1.24421179295	112.626907349	892.774719238	0.00537475710735	0.0317781567574	0.000458983064163	0.0428992025554	0	2	8	0	0.0396972671151	0.637835085392	0.466514885426	0.000270261458354 
42.mp3	0.966973602772	1	0	0.997938156128	0.00308476970531	0.00103092787322	0.000515436171554	1.74376583099	109.207168579	1066.40881348	0.00528626469895	0.0312008336186	0.000136224087328	0.0373005904257	1	9	3	1	0.039721429348	0.59772092104	0.473748683929	0.000247216084972 
43.mp3	0.975123167038	1	0	0.9561855793	0.0479880124331	0.000515463936608	0.000515436171554	0.551093101501	112.315620422	1271.09973145	0.0081475796178	0.0698323696852	0.000633325893432	0.0782482102513	0	2	2	0	0.0417533330619	0.522641777992	0.475439250469	0.000217785825953 
44.mp3	0.95271474123	1	0	0.993814408779	0.00716826505959	0.00206185574643	0.00154478580225	1.68010997772	118.055145264	740.299316406	0.00541941495612	0.0332930199802	0.00038640605635	0.0394297763705	0	3	3	0	0.0331897847354	0.482184112072	0.425328105688	0.00114445015788 
45.mp3	0.976918041706	1	0	1	0	0.0010303966701	0.000515170919243	1.26183140278	92.4592285156	1092.03955078	0.00600789766759	0.0377208292484	5.61418237339e-05	0.0340665243566	1	5	11	0	0.0377407930791	0.599166870117	0.458083599806	0.000722112308722 
46.mp3	0.91835552454	1	0	0.993298947811	0.00410889135674	0.142783507705	0.0683106854558	3.9529607296	90.0314483643	838.751220703	0.00386219588108	0.0197956524789	0.000365019019227	0.0386323444545	0	8	8	0	0.0441345833242	0.569495677948	0.441902607679	0.000537804735359 
47.mp3	0.978051245213	1	0	0.920618534088	0.0319181717932	0.0170103088021	0.0127267884091	1.957716465	161.498947144	1040.7578125	0.00615076487884	0.0457518473268	0.00466478709131	0.0659987255931	0	5	5	0	0.0344489961863	0.572266340256	0.476651281118	0.000235588609939 
48.mp3	0.972961843014	1	0	0.996907234192	0.00513075757772	0.00309278350323	0.00205869716592	1.93077361584	103.609825134	1225.88354492	0.00458193430677	0.0249279849231	4.29545434599e-05	0.0302558448166	1	10	10	1	0.0459158048034	0.60960817337	0.478021591902	0.000148324339534 
49.mp3	0.900433957577	1	0	0.999484777451	0.00102986581624	0.0520350337029	0.0216741673648	3.38318538666	104.770019531	676.880187988	0.00416314881295	0.0214833058417	0.000327524874592	0.031822886318	1	11	3	1	0.0347849465907	0.55825728178	0.433023512363	0.00068695837399 
5.mp3	0.897997379303	1	0	1	0	0.010824742727	0.00818348769099	2.50987935066	98.6497497559	691.035949707	0.00485167792067	0.0267132744193	0.000216275802813	0.0374918095767	1	13	13	1	0.0365413092077	0.514183402061	0.418785274029	0.000892434443813 
50.mp3	0.765700340271	0.995363235474	0.00410670600832	0.91962903738	0.0433032102883	0.321998983622	0.0390633195639	9.07760620117	94.9136962891	410.940307617	0.00414146110415	0.0317389816046	0.0107498122379	0.0923471748829	0	3	3	0	0.0157522894442	0.397408425808	0.398101478815	0.0010120520601 
51.mp3	0.290932863951	1	0	0.974729239941	0.00920160487294	0.0175348110497	0.00308634247631	4.38889408112	113.927635193	649.688781738	0.00387251214124	0.0185200273991	0.000210998667171	0.0221480038017	0	9	4	1	0.0237643644214	0.469426631927	0.432514935732	0.000593764940277 
52.mp3	0.97192633152	1	0	0.993302404881	0.0102029154077	0.00154559500515	0.000515170977451	2.68792772293	109.991210938	1061.10107422	0.00665539363399	0.0490329004824	0.000382930884371	0.0597508065403	0	11	12	1	0.0356123298407	0.476664811373	0.458470523357	0.000431364955148 
53.mp3	0.903370738029	1	0	0.986089646816	0.0142244016752	0.125708401203	0.010203063488	3.78998923302	110.451324463	879.869995117	0.00476486701518	0.0285270232707	0.000712975277565	0.0360555835068	1	11	11	1	0.0423431172967	0.593883514404	0.453731179237	0.000474959495477 
54.mp3	0.834463775158	1	0	0.937628865242	0.0251214690506	0.0515463910997	0.00359708769247	4.80639362335	74.6991500854	746.24041748	0.00561875011772	0.0398522205651	0.00100878439844	0.0475845374167	1	1	7	1	0.0227528996766	0.389194697142	0.45071670413	0.000463549251435 
55.mp3	0.846756637096	1	0	1	0	0.204639181495	0.07137401402	4.36029911041	136.675613403	915.915466309	0.00353368883952	0.0167177096009	0.000220709640416	0.0285295583308	1	8	8	1	0.0378012731671	0.549716711044	0.423927932978	0.00105725310277 
56.mp3	0.971949875355	1	0	1	0	0.0010303966701	0.000515170919243	1.08126723766	92.2078552246	1428.30249023	0.00482896063477	0.0247758328915	5.19916975463e-05	0.0294929109514	1	4	4	1	0.060028154403	0.560764670372	0.454322069883	0.000428417057265 
58.mp3	0.865783393383	1	0	0.830412387848	0.0395554900169	0.0278350524604	0.00564085319638	3.17572855949	162.096832275	1023.49334717	0.00726504158229	0.0643495470285	0.00285615911707	0.08712862432	1	5	5	1	0.0332363471389	0.388151139021	0.451939254999	0.00183298508637 
59.mp3	0.968006253242	1	0	1	0	0.00103092787322	0.000515436171554	1.28334951401	100.407089233	1218.72546387	0.00580818671733	0.0358600988984	0.000119535812701	0.0443680100143	0	2	3	0	0.0462281517684	0.540591835976	0.464219778776	0.000377834337996 
60.mp3	0.971698343754	1	0	0.94487375021	0.0589312054217	0.0010303966701	0.000515170919243	1.37039542198	98.0184020996	926.96685791	0.00588784879074	0.0404644608498	0.000661992293317	0.0611162781715	0	3	3	0	0.0387523248792	0.566616117954	0.466118633747	0.000218434419367 
62.mp3	0.914808392525	1	0	1	0	0.00463678501546	0.00512804090977	2.05901694298	153.162322998	1635.54431152	0.00450623640791	0.0231432784349	0.000176930901944	0.0302178189158	0	13	13	0	0.0681664273143	0.587765932083	0.465900182724	0.000604347384069 
64.mp3	0.966790854931	1	0	0.980927824974	0.0260992236435	0.00103092787322	0.000515436171554	1.86345088482	119.21749115	840.293151855	0.0052302130498	0.0308020766824	0.000306147878291	0.0421529151499	0	11	11	0	0.042399674654	0.61477035284	0.463159173727	0.000396958814235 
65.mp3	0.947011232376	1	0	0.995360851288	0.00818334426731	0.0335051529109	0.0177244879305	2.12498641014	88.902053833	1400.60681152	0.00456087151542	0.0251075513661	0.000325860746671	0.0344317741692	0	2	2	0	0.0585454255342	0.566251754761	0.464090585709	0.000449972343631 
67.mp3	0.953035652637	1	0	0.997939229012	0.00410672463477	0.0175167433918	0.0187076609582	2.22275161743	116.96988678	1508.77368164	0.00473678158596	0.0263025090098	0.000267464172794	0.0359255596995	1	11	11	1	0.0570730604231	0.5506965518	0.469923704863	0.000478472822579 
68.mp3	0.917352616787	1	0	0.992272019386	0.00512806791812	0.0010303966701	0.000515170919243	2.21169281006	95.5512695312	691.407897949	0.00479826005176	0.0262688305229	0.000266426766757	0.0383224263787	1	4	4	1	0.03624702245	0.607897996902	0.449761867523	0.000282535154838 
69.mp3	0.76778280735	1	0	1	0	0.226687267423	0.078246422112	4.19692611694	117.633674622	1084.02612305	0.00306885340251	0.0126240681857	0.000172134881723	0.022810742259	0	2	2	0	0.0423141866922	0.547082662582	0.425503462553	0.000906106375623 
7.mp3	0.97824037075	1	0	0.475528091192	0.141845747828	0.00360638834536	0.00512808375061	1.46495234966	120.050689697	317.348236084	0.00960030313581	0.100162491202	0.0006355822552	0.123810537159	1	9	1	1	0.0131878703833	0.41264539957	0.442550837994	0.000563226582017 
70.mp3	0.96724396944	1	0	0.995363235474	0.0041067013517	0.0010303966701	0.000515170919243	1.96849644184	117.50402832	918.634277344	0.00549886282533	0.0335335172713	0.000342449377058	0.0440746806562	1	3	3	1	0.038543779403	0.556150376797	0.463035106659	0.000232360383961 
71.mp3	0.973037958145	1	0	1	0	0.00103092787322	0.000515436171554	1.42392456532	117.544441223	1008.09265137	0.00677428627387	0.0482437238097	8.55995458551e-05	0.049061819911	0	11	11	0	0.0377967432141	0.490074932575	0.45530551672	0.000541282934137 
72.mp3	0.921147227287	1	0	0.998969614506	0.00205761590041	0.00206079334021	0.00257069524378	2.03103876114	145.099182129	1555.60766602	0.00490306969732	0.0270843021572	5.11575199198e-05	0.0297244023532	0	11	11	0	0.0778643786907	0.57297462225	0.467352569103	0.000460738810943 
73.mp3	0.873529493809	1	0	1	0	0.175682634115	0.0507349297404	4.96956253052	105.586463928	821.221008301	0.00310938665643	0.012283205986	0.000219117951929	0.0157628618181	0	4	4	0	0.0340272411704	0.516035974026	0.43508452177	0.000637119403109 
74.mp3	0.275789558887	1	0	0.984020590782	0.00919681228697	0.580412387848	0.0850520133972	13.4570474625	90.954826355	988.860839844	0.00217201281339	0.0119440853596	0.000845713191666	0.0195802804083	1	5	11	0	0.0476172380149	0.641038715839	0.409944802523	0.00188818748575 
76.mp3	0.974224805832	1	0	0.873195886612	0.056244969368	0.00103092787322	0.000515436171554	1.94865131378	96.6455001831	353.678344727	0.00737304938957	0.0609786435962	0.000870636838954	0.0681152567267	1	9	9	1	0.0117001244798	0.505218982697	0.443188369274	0.000863041554112 
77.mp3	0.925731658936	1	0	1	0	0.00154639175162	0.00103040458634	2.31115150452	120.760627747	1014.05212402	0.00500167161226	0.0274463109672	0.00011242441542	0.0304560400546	0	9	9	0	0.0466129891574	0.54436981678	0.447988688946	0.00053380348254 
78.mp3	0.759206831455	1	0	0.993298947811	0.0071683251299	0.297938138247	0.0409726910293	7.30436038971	129.021469116	512.037658691	0.00343112950213	0.0177309829742	0.000581233412959	0.0262821428478	1	11	3	1	0.0257729440928	0.481113642454	0.378363847733	0.00128514168318 
79.mp3	0.959249734879	1	0	0.992783486843	0.00919684581459	0.0402061864734	0.0216848067939	3.2340502739	153.091842651	1770.43505859	0.0044387425296	0.0242896862328	8.8680855697e-05	0.027124075219	1	7	7	1	0.0698926821351	0.549142181873	0.466617196798	0.000475831446238 
8.mp3	0.831437945366	0.997939229012	0.00205763359554	0.829984545708	0.0833337455988	0.0206079334021	0.00969803705812	3.42479085922	163.654754639	408.325836182	0.0066150338389	0.0583556257188	0.00129854062106	0.0491910353303	1	5	11	0	0.0242097936571	0.415627777576	0.335803508759	0.00246841297485 
80.mp3	0.949702441692	1	0	0.916022658348	0.0598303712904	0.0844925269485	0.0162231158465	4.1300983429	166.006378174	995.334411621	0.00509893381968	0.0372241027653	0.0053474130109	0.0738507509232	0	11	11	0	0.0466694757342	0.579525649548	0.446198999882	0.000930193345994 
81.mp3	0.974173426628	1	0	1	0	0.00309278350323	0.0030847848393	2.2419629097	122.773078918	1349.7388916	0.00631272606552	0.0431346707046	0.000128320374642	0.0513260513544	0	11	11	0	0.0460006259382	0.491673588753	0.465323895216	0.000390443077777 
82.mp3	0.952736973763	1	0	0.99742269516	0.00308476877399	0.0551546402276	0.0236516837031	3.84709596634	91.1275558472	432.863800049	0.00471401680261	0.0268173124641	0.000847555580549	0.0345241688192	1	5	5	1	0.0265645142645	0.473091095686	0.326015144587	0.00168813497294 
83.mp3	0.631015896797	1	0	0.987628877163	0.012223941274	0.0159793812782	0.0102084977552	2.54230260849	128.877670288	1946.58728027	0.00357627845369	0.0158129762858	0.000875626399647	0.0293030682951	0	8	13	1	0.0799200609326	0.632374763489	0.476920545101	0.0003005337785 
84.mp3	0.916654407978	1	0	0.999484777451	0.00102986651473	0.0180319417268	0.0107075124979	2.33657670021	165.101531982	1722.17578125	0.00403068773448	0.019189806655	0.000218905799557	0.0231792740524	1	11	11	1	0.0673458352685	0.605383992195	0.471096873283	0.000356092146831 
85.mp3	0.91652983427	1	0	0.984536111355	0.0122239338234	0.00360824749805	0.00154478580225	1.6680958271	162.49130249	1367.20935059	0.00602405983955	0.0402328185737	0.000416261871578	0.0436671674252	1	11	11	0	0.0535146184266	0.534280776978	0.473457455635	0.000391476351069 
86.mp3	0.827871620655	1	0	0.980422437191	0.0211810432374	0.146831527352	0.0470361337066	5.16413259506	99.1091842651	1397.92785645	0.00424874108285	0.0249296277761	0.000447382044513	0.0429280921817	1	11	11	0	0.0903405845165	0.503111302853	0.46906453371	0.000287487724563 
87.mp3	0.983008384705	1	0	1	0	0.00154559500515	0.000515170977451	1.10085737705	96.1284637451	784.106628418	0.00636148126796	0.0422191657126	8.41822984512e-05	0.0424211397767	1	11	11	0	0.0289396569133	0.618921816349	0.46138420701	0.000385297142202 
88.mp3	0.970928192139	1	0	0.853608250618	0.10767596215	0.0231958758086	0.00970259960741	2.21205234528	129.800140381	944.390686035	0.00653487304226	0.0517636314034	0.00108070019633	0.124524354935	0	5	11	0	0.0381755381823	0.566684782505	0.463494688272	0.000329135888023 
89.mp3	0.870314896107	1	0	0.984028875828	0.024129031226	0.125708401203	0.0241298992187	3.85779285431	84.622718811	853.360046387	0.00465514650568	0.0272455755621	0.000355393247446	0.0451347269118	0	3	3	0	0.0335882641375	0.570823788643	0.475398123264	0.000185935889021 
90.mp3	0.839530289173	0.993302404881	0.00919215381145	0.876867592335	0.0479618981481	0.10097887367	0.0260855145752	6.47357273102	97.2005233765	805.955383301	0.00634209578857	0.055369399488	0.00515618920326	0.0842973589897	0	13	5	0	0.0329243950546	0.363097637892	0.455745458603	0.000413191795815 
91.mp3	0.797469556332	1	0	0.972694516182	0.0231490265578	0.370942801237	0.077389575541	7.6245007515	118.093452454	1104.60339355	0.00328145967796	0.0192546881735	0.00117813085672	0.0474628955126	0	13	12	0	0.0681935921311	0.513843357563	0.461171716452	0.000395610841224 
92.mp3	0.968133091927	1	0	1	0	0.0010303966701	0.000515170919243	1.58021914959	101.780517578	1058.08508301	0.00536313513294	0.0307999812067	8.24143135105e-05	0.0342551395297	1	11	11	1	0.0502668060362	0.632215738297	0.464089214802	0.000397634110413 
93.mp3	0.92454791069	1	0	0.970118522644	0.0404809713364	0.00824317336082	0.00512819737196	1.98368906975	89.7833099365	1137.93029785	0.00492119742557	0.0291941892356	0.000570817443077	0.0553708784282	1	5	11	0	0.059672947973	0.586822092533	0.46151548624	0.000462585041532 
95.mp3	0.435122191906	1	0	0.977846443653	0.0132223358378	0.0510046370327	0.0314187221229	3.0117225647	178.205871582	516.884155273	0.00431425916031	0.0237429253757	0.000822380068712	0.0344504453242	1	9	1	1	0.0268559716642	0.517344236374	0.423408448696	0.000374446157366 
96.mp3	0.690027415752	0.999484777451	0.00102986569982	0.992272019386	0.00512807583436	0.0726429671049	0.0682771503925	3.44100117683	151.966156006	943.060241699	0.00421897182241	0.0227529145777	0.000606884248555	0.036717299372	0	3	3	0	0.0560356192291	0.562347531319	0.438048154116	0.00079787458526 
98.mp3	0.759696364403	1	0	0.999484777451	0.00102986651473	0.100463680923	0.0152241513133	3.88739562035	149.62348938	1406.39807129	0.00380336423405	0.0181637238711	0.000184552700375	0.0227627698332	0	5	9	1	0.0563075579703	0.605454027653	0.469224542379	0.000365596089978 
99.mp3	0.959844529629	1	0	0.993298947811	0.0102084483951	0.00103092787322	0.000515436171554	2.03022074699	125.643013	1134.11486816	0.00517984479666	0.0295936055481	0.000274499790976	0.0386209264398	0	3	9	1	0.0480828657746	0.581971228123	0.464377731085	0.000355524098268 
