10.mp3	0.69155472517	0	0	0.00515463901684	0.00512817874551	0.0561855658889	0.00512817874551	4.68551683426	93.9074020386	169.346832275	0.000375163828721	0.0192724857479	0	11	3	1 
101.mp3	0.30188113451	0	0	0.00618556700647	0.00614725705236	0.0587628856301	0.00614725705236	10.0016450882	155.010726929	95.9837646484	0.000658993143588	0.0192372091115	0	1	1	0 
102.mp3	0.956140756607	0	0	0	0	0.00618556700647	0	1.75684416294	163.463317871	174.647689819	6.14285236225e-05	0.0112745882943	0	13	3	1 
103.mp3	0.890435934067	0	0	0.0206185560673	0.0201933216304	0.000515463936608	0.0201933216304	1.28239583969	150.763336182	119.664810181	0.000299459235976	0.0182167310268	1	11	11	1 
104.mp3	0.943603992462	0	0	0	0	0.000515463936608	0	1.43045115471	105.061607361	148.124649048	0.000134153975523	0.0143852028996	1	9	1	1 
105.mp3	0.924323618412	0	0	0.0319587625563	0.0309371966869	0.0376288667321	0.0309371966869	3.1857483387	108.092407227	256.61730957	0.000317690399243	0.0244931392372	1	1	1	1 
106.mp3	0.901728391647	0	0	0	0	0.0221763793379	0	3.5060608387	143.171524048	172.533416748	0.000129918043967	0.0132093960419	0	5	5	0 
107.mp3	0.945326507092	0	0	0	0	0.00103145954199	0	2.18948769569	117.022850037	181.522232056	0.000141221622471	0.0159770045429	0	5	5	0 
108.mp3	0.893552839756	0	0	0.0340206176043	0.0328625701368	0.0484536066651	0.0328625701368	4.25606584549	85.51612854	267.60760498	0.00264292838983	0.0487347729504	1	2	8	1 
109.mp3	0.950443744659	0	0	0	0	0.0170190818608	0	2.9336938858	163.235610962	117.081855774	0.000150688822032	0.0169537812471	0	12	12	1 
110.mp3	0.976103186607	0	0	0	0	0.000515729770996	0	1.3782453537	98.1825942993	139.686019897	0.000238807930145	0.0189542211592	0	11	12	1 
111.mp3	0.98611330986	0	0	0	0	0.0118617843837	0	1.13714754581	101.125289917	161.364990234	7.75348598836e-05	0.0131381694227	1	3	11	1 
112.mp3	0.938562452793	0	0	0.00103145954199	0.00103040190879	0.0221763793379	0.00103040190879	2.86353945732	126.639656067	261.64175415	0.000115872106107	0.0175786484033	1	5	5	1 
113.mp3	0.983928442001	0	0	0.0123775145039	0.0122239245102	0.000515729770996	0.0122239245102	1.89458918571	98.3910140991	271.992736816	0.0001668366167	0.0165485963225	0	9	9	1 
114.mp3	0.938614606857	0	0	0.0330067053437	0.0319178923965	0.0226921085268	0.0319178923965	3.16439771652	92.4494171143	188.395706177	0.00169209577143	0.0438446737826	1	13	13	1 
115.mp3	0.824484586716	0	0	0	0	0.0247422680259	0	3.94496798515	131.634643555	272.066802979	0.000148337698192	0.0116456542164	1	13	13	1 
116.mp3	0.957465469837	0	0	0.0072164949961	0.00716455932707	0.00515463901684	0.00716455932707	3.97855257988	161.907608032	204.567810059	0.000544662238099	0.0246503073722	0	11	11	0 
117.mp3	0.817403256893	0	0	0	0	0.0804123729467	0	4.53401899338	119.505439758	153.727828979	0.000142298376886	0.0135123496875	1	8	8	1 
118.mp3	0.957091271877	0.00103092787322	0.00102986814454	0.0515463910997	0.0488893799484	0.00670103076845	0.0488893799484	2.40072798729	83.6787643433	313.143859863	0.000261103967205	0.0225865226239	1	11	11	0 
119.mp3	0.316158771515	0	0	0.00103092787322	0.00102987489663	0.0463917516172	0.00102987489663	4.38937950134	80.8765182495	162.733856201	6.6893917392e-05	0.00830513145775	1	1	1	1 
12.mp3	0.954365968704	0	0	0.00618556700647	0.00614721141756	0.021649485454	0.00614721141756	2.34611988068	126.119346619	209.111938477	0.000318048463669	0.0238998066634	0	1	1	0 
120.mp3	0.23971670866	0	0	0.00515463901684	0.00512816617265	0.0335051529109	0.00512816617265	4.01704597473	103.492835999	143.636322021	0.00101404113229	0.0167750064284	0	9	9	0 
121.mp3	0.91922724247	0	0	0	0	0.068592056632	0	7.39580249786	96.9505844116	277.45010376	0.000385951367207	0.0260948780924	0	9	4	1 
122.mp3	0.974093914032	0	0	0	0	0.00154639175162	0	1.91782701015	125.513633728	178.630447388	9.28647859837e-05	0.0133236711845	1	1	1	1 
123.mp3	0.967900156975	0	0	0	0	0.00206185574643	0	1.70492339134	118.522712708	374.58102417	9.33004776016e-05	0.0128699336201	0	1	4	1 
124.mp3	0.915577292442	0	0	0.00206291908398	0.00205869134516	0.00567302713171	0.00205869134516	3.34800839424	100.020996094	78.120475769	0.00030378010706	0.0194932725281	1	11	11	1 
125.mp3	0.661502957344	0	0	0	0	0.0211449209601	0	3.54015779495	142.480377197	143.628158569	0.000219247551286	0.0206183772534	0	3	3	1 
126.mp3	0.961924850941	0	0	0.0072164949961	0.00716449739411	0.00154639175162	0.00716449739411	1.73369586468	162.488174438	104.953857422	0.000465512566734	0.0257922410965	1	13	13	1 
127.mp3	0.822221815586	0	0	0.0103092780337	0.010202890262	0.041752576828	0.010202890262	3.43411159515	98.060043335	21.4624843597	0.00160007795785	0.0256121270359	1	1	1	1 
128.mp3	0.914089202881	0	0	0	0	0.00618556700647	0	2.17058062553	129.427352905	25.1756401062	0.000116018745757	0.0133797517046	0	3	3	0 
129.mp3	0.844438552856	0.0505154654384	0.0479622669518	0.0670103058219	0.0625213906169	0.00567010324448	0.0625213906169	2.74609375	103.558403015	164.849182129	0.0401664637029	0.273636430502	1	1	1	1 
13.mp3	0.91984796524	0	0	0.00412371149287	0.00410669157282	0.0128865977749	0.00410669157282	3.15194535255	86.4003601074	142.945205688	0.000426692713518	0.0303926821798	1	12	12	1 
130.mp3	0.810154378414	0	0	0.0422898419201	0.0405012518167	0.0304280556738	0.0405012518167	18.3346099854	100.113037109	84.5227584839	0.00234715128317	0.0634855702519	0	5	5	0 
131.mp3	0.816014826298	0.00206185574643	0.00205762358382	0.0484536066651	0.0461062863469	0.0680412352085	0.0461062863469	4.03318548203	125.970314026	224.993804932	0.00704091927037	0.0668591782451	0	7	12	0 
133.mp3	0.624595522881	0	0	0	0	0.00309437862597	0	2.72254395485	148.380050659	40.0992774963	2.88821211143e-05	0.00480325100943	0	10	10	0 
134.mp3	0.756168842316	0	0	0.0453608259559	0.0433033891022	0.0252577327192	0.0433033891022	3.60826301575	93.674369812	216.981185913	0.000935155432671	0.0258473530412	1	3	8	0 
135.mp3	0.086582928896	0	0	0.0072164949961	0.00716436142102	0.052061855793	0.00716436142102	9.5016708374	108.317207336	179.165435791	0.000889886985533	0.016894325614	1	8	13	0 
136.mp3	0.982101976871	0	0	0.111397624016	0.0989877581596	0.00257864873856	0.0989877581596	1.44333350658	100.484870911	311.113372803	0.00184953445569	0.0565944425762	1	2	10	1 
137.mp3	0.920156776905	0	0	0.0103145949543	0.0102084204555	0.043321300298	0.0102084204555	3.68600153923	95.9655914307	72.3455581665	0.000880038947798	0.0319406203926	1	1	1	1 
138.mp3	0.745352566242	0	0	0.0134020615369	0.0132221886888	0.00979381427169	0.0132221886888	2.12811279297	126.445831299	64.2929916382	0.00123795995023	0.0258966628462	1	12	4	0 
140.mp3	0.966046214104	0	0	0.0257731955498	0.0251088533551	0.010824742727	0.0251088533551	2.19868993759	99.9713287354	76.081993103	0.000266970455414	0.021200792864	0	13	1	1 
142.mp3	0.538012742996	0	0	0.00515463901684	0.00512810284272	0.0134020615369	0.00512810284272	3.61557221413	95.4980926514	61.3059082031	0.000292291486403	0.018825320527	0	3	1	1 
143.mp3	0.631240963936	0	0	0.00206291908398	0.00205869111232	0.0603403821588	0.00205869111232	5.9548740387	129.45463562	97.8608627319	0.000420621800004	0.0177411101758	1	3	9	0 
144.mp3	0.481668204069	0.00309437862597	0.00308480253443	0.0134089738131	0.0132292229682	0.0293965954334	0.0132292229682	3.13647794724	117.490509033	147.551696777	0.00372474337928	0.0399291068316	1	9	1	1 
145.mp3	0.613937675953	0	0	0	0	0.0164948459715	0	4.46987342834	178.2059021	42.7858161926	9.1427944426e-05	0.00949366670102	1	8	11	1 
146.mp3	0.367025792599	0	0	0.00723140500486	0.00717922626063	0.0361570231616	0.00717922626063	9.41630077362	79.880897522	21.242401123	0.00197002640925	0.044530801475	1	10	10	1 
148.mp3	0.960708975792	0	0	0	0	0.00825167633593	0	1.66511499882	120.024971008	261.741210938	0.000192155639525	0.0285198856145	1	1	1	1 
149.mp3	0.0236331149936	0.011340206489	0.0112113803625	0.0144329899922	0.0142244249582	0.0293814428151	0.0142244249582	5.77624797821	97.7666244507	78.2810897827	0.0184952579439	0.0612685084343	1	2	7	0 
150.mp3	0.86820268631	0	0	0.00103145954199	0.00103039946407	0.0634347572923	0.00103039946407	4.40771436691	172.265609741	123.499053955	0.000168716782355	0.0134885441512	1	9	11	0 
151.mp3	0.355451464653	0	0	0.011340206489	0.0112115945667	0.052061855793	0.0112115945667	5.9582195282	143.512084961	62.5799369812	0.00191468850244	0.0291629135609	1	3	3	1 
152.mp3	0.856579661369	0	0	0.00309278350323	0.00308321346529	0.0149484537542	0.00308321346529	2.74343729019	75.8553771973	152.488922119	0.000112955392979	0.0120824659243	0	13	13	0 
153.mp3	0.748744487762	0	0	0.00412371149287	0.00410684151575	0.0154639175162	0.00410684151575	5.48282575607	140.894805908	25.5279541016	0.000432104949141	0.0193668715656	1	9	1	1 
154.mp3	0.919888019562	0	0	0.00206185574643	0.00205762754194	0.00463917525485	0.00205762754194	2.69708824158	172.265518188	114.857803345	0.000133957830258	0.0156452115625	0	5	5	0 
155.mp3	0.899836540222	0	0	0.0402061864734	0.0385902635753	0.0469072163105	0.0385902635753	3.45376467705	99.894317627	79.1316452026	0.000172881569597	0.0198819711804	1	10	10	1 
156.mp3	0.95841473341	0	0	0.00515463901684	0.00512810889632	0.010824742727	0.00512810889632	1.6231855154	109.991912842	232.175567627	0.00040030607488	0.015171260573	0	10	11	1 
157.mp3	0.707249879837	0	0	0	0	0.0139175262302	0	4.47420692444	106.898796082	135.133987427	5.92447249801e-05	0.0102905128151	1	8	13	1 
158.mp3	0.105730593204	0	0	0.0072164949961	0.00716466177255	0.0309278350323	0.00716466177255	9.17458534241	172.265594482	31.9807929993	0.00150466023479	0.0222060903907	0	7	7	0 
159.mp3	0.475571930408	0	0	0.021649485454	0.02118088305	0.0737113431096	0.02118088305	5.28857278824	142.554611206	54.150894165	0.000528612639755	0.0158021468669	1	11	2	0 
160.mp3	0.462506860495	0	0	0.011340206489	0.0112113002688	0.00876288674772	0.0112113002688	2.52793359756	77.8491439819	174.517745972	0.000163317017723	0.0102460477501	0	11	11	0 
161.mp3	0.165475517511	0.00515463901684	0.00512808607891	0.0103092780337	0.0102030150592	0.031443297863	0.0102030150592	8.24718284607	144.023773193	72.9629135132	0.0211878605187	0.045829474926	0	3	3	0 
162.mp3	0.812336862087	0	0	0.00515463901684	0.00512817734852	0.0283505152911	0.00512817734852	3.33520126343	184.570251465	49.3251724243	0.000394895905629	0.019640231505	0	9	9	0 
163.mp3	0.630955338478	0	0	0.00824742298573	0.00817927718163	0.0350515469909	0.00817927718163	4.57152986526	100.108879089	77.301071167	0.000842417299282	0.0243420302868	1	5	11	1 
164.mp3	0.233685523272	0.00103092787322	0.0010298670968	0.00824742298573	0.00817923527211	0.0278350524604	0.00817923527211	4.85521125793	145.763214111	53.216583252	0.000420979456976	0.0165214985609	1	12	12	0 
166.mp3	0.853858530521	0	0	0.0422680415213	0.040480799973	0.0170103088021	0.040480799973	3.5139939785	79.7644348145	234.232269287	0.000555799691938	0.0286529865116	0	11	11	0 
167.mp3	0.360943168402	0	0	0.00515729747713	0.00513072591275	0.0510572455823	0.00513072591275	4.84951019287	102.827438354	53.488910675	0.000674450362567	0.0204364582896	1	11	3	0 
168.mp3	0.761266469955	0	0	0.00206291908398	0.00205867597833	0.0247550290078	0.00205867597833	4.6947388649	124.001808167	76.7982559204	0.00011625065963	0.0101176975295	1	9	9	1 
169.mp3	0.888092279434	0.00309278350323	0.00308321393095	0.0340206176043	0.032862983644	0.0386597923934	0.032862983644	5.4780626297	178.205963135	85.738609314	0.00818834081292	0.0712974444032	1	9	3	0 
17.mp3	0.939740598202	0	0	0	0	0.030412370339	0	2.66314768791	106.662071228	209.093719482	0.000216812128201	0.0194748770446	1	9	1	0 
170.mp3	0.0820557549596	0	0	0.00824742298573	0.00817912537605	0.0257731955498	0.00817912537605	9.17772674561	147.778671265	38.1723823547	0.00169430475216	0.0228667668998	1	7	11	0 
171.mp3	0.381565183401	0.00103092787322	0.00102986767888	0.00412371149287	0.00410675257444	0.0144329899922	0.00410675257444	4.77485275269	110.794288635	17.5300617218	0.00335979601368	0.0316924937069	1	9	9	1 
172.mp3	0.897569775581	0	0	0.00103145954199	0.00103039771784	0.00773594621569	0.00103039771784	2.69737458229	68.9242401123	35.0511550903	0.000133813402499	0.0155428219587	0	12	12	0 
173.mp3	0.27342620492	0	0	0	0	0.0139175262302	0	5.55107307434	91.1595687866	67.0402832031	0.000139568146551	0.00668979017064	0	7	11	0 
174.mp3	0.850681424141	0	0	0.00618556700647	0.00614723050967	0.000515463936608	0.00614723050967	2.00385332108	105.996772766	124.013412476	0.000318130187225	0.0194301232696	0	5	5	0 
175.mp3	0.800518274307	0	0	0.00412371149287	0.0041067507118	0.0463917516172	0.0041067507118	5.10448169708	126.203826904	126.629173279	0.0015574110439	0.0203915704042	1	11	3	1 
176.mp3	0.685239613056	0	0	0.00206185574643	0.00205761543475	0.0231958758086	0.00205761543475	4.74807167053	120.045921326	16.762512207	0.000279866188066	0.0176063571125	0	1	4	1 
177.mp3	0.949517726898	0	0	0.0247422680259	0.0241294838488	0.00154639175162	0.0241294838488	2.16770148277	101.102088928	207.340591431	0.000309812719934	0.0271035488695	0	5	5	0 
178.mp3	0.614608049393	0	0	0.00103092787322	0.00102987501305	0.0597938150167	0.00102987501305	4.44629144669	163.483596802	305.672058105	0.000420244294219	0.0166887976229	1	3	3	1 
179.mp3	0.95759499073	0	0	0	0	0.000515463936608	0	1.23757898808	96.1937255859	100.738021851	0.0001444931695	0.0136513886973	1	13	13	1 
18.mp3	0.92133975029	0	0	0.0247422680259	0.0241295136511	0.00360824749805	0.0241295136511	2.15061497688	92.6566238403	191.639831543	0.00090478832135	0.0594146102667	0	5	5	0 
180.mp3	0.94133913517	0	0	0.0515729747713	0.0489138625562	0.00257864873856	0.0489138625562	2.08860516548	99.9456253052	56.7683753967	0.000382498110412	0.0250856950879	1	11	11	1 
181.mp3	0.937689423561	0	0	0	0	0.00876740552485	0	2.59314227104	144.527175903	128.13482666	3.32858180627e-05	0.00713675562292	1	9	9	1 
19.mp3	0.981537818909	0	0	0.0845796838403	0.0774271562696	0.000515729770996	0.0774271562696	1.82789111137	124.985870361	138.063110352	0.000610074726865	0.0300224274397	1	12	4	1 
2.mp3	0.959165096283	0	0	0.0206185560673	0.0201930962503	0.00257731950842	0.0201930962503	2.77802467346	93.8047180176	237.538528442	0.00080171279842	0.0267746280879	0	11	11	0 
20.mp3	0.935540437698	0	0	0	0	0.107787519693	0	4.34381484985	110.907287598	289.17300415	8.3158716734e-05	0.0102075822651	0	11	11	0 
21.mp3	0.957388997078	0	0	0	0	0.00360824749805	0	1.82399988174	103.048454285	111.30103302	0.000100930461485	0.0150799769908	0	4	4	1 
22.mp3	0.949443340302	0	0	0.0154718924314	0.0152329597622	0.021660650149	0.0152329597622	2.64222407341	97.9399490356	194.416305542	0.000277162878774	0.0246587619185	0	3	3	0 
24.mp3	0.950737535954	0	0	0	0	0.0149484537542	0	1.75078737736	95.7734832764	206.720169067	0.000128703133669	0.0138692650944	1	8	8	1 
25.mp3	0.968328297138	0	0	0	0	0.000515463936608	0	2.07536125183	143.636047363	277.078948975	0.000130781438202	0.0132870748639	1	3	13	0 
3.mp3	0.576386451721	0.0175348110497	0.017227338627	0.0536358952522	0.0507586933672	0.000515729770996	0.0507586933672	3.0756509304	95.9035720825	89.1673431396	0.0283438358456	0.155323728919	0	5	11	0 
31.mp3	0.932825565338	0.00103145954199	0.00103040190879	0.0536358952522	0.0507586859167	0.0165033526719	0.0507586859167	3.29551649094	80.2971191406	242.368423462	0.00158566900063	0.0326491892338	1	11	11	1 
32.mp3	0.67663449049	0	0	0	0	0.0536358952522	0	4.43709468842	70.3706054688	147.360580444	0.00019295536913	0.023069659248	1	7	7	1 
35.mp3	0.865877270699	0	0	0	0	0.0742268040776	0	4.72309064865	155.727737427	207.799255371	0.000130367392558	0.0133677050471	1	12	12	1 
37.mp3	0.953058719635	0	0	0.00412583816797	0.00410884199664	0.00154718931299	0.00410884199664	2.09517836571	139.291168213	265.062561035	0.000143118202686	0.0140487877652	1	5	5	1 
39.mp3	0.493477404118	0	0	0	0	0.0159793812782	0	2.42522549629	122.45690155	251.770095825	7.58821479394e-05	0.0130305876955	0	5	11	1 
4.mp3	0.977628827095	0	0	0.0453842170537	0.0433247275651	0.0201134607196	0.0433247275651	2.43617892265	85.0007095337	191.32194519	0.000554491358344	0.0347216427326	0	11	11	0 
40.mp3	0.545333564281	0	0	0.00515463901684	0.00512810936198	0.0422680415213	0.00512810936198	4.58874464035	125.415687561	119.901191711	0.000316503428621	0.0209712088108	1	9	5	0 
41.mp3	0.970600426197	0	0	0.0309437848628	0.0299862623215	0.000515729770996	0.0299862623215	1.24421179295	112.626907349	168.952697754	0.000458983064163	0.0266566537321	0	2	8	0 
42.mp3	0.966973602772	0	0	0.00309437862597	0.00308476970531	0.000515729770996	0.00308476970531	1.74376583099	109.207168579	238.511291504	0.000136224087328	0.0144577603787	1	9	3	1 
43.mp3	0.975123167038	0	0	0.0505415163934	0.0479880124331	0.000515729770996	0.0479880124331	0.551093101501	112.315620422	194.501739502	0.000633325893432	0.0311420019716	0	2	2	0 
44.mp3	0.95271474123	0	0	0.00722021656111	0.00716826505959	0.00154718931299	0.00716826505959	1.68010997772	118.055145264	274.366668701	0.00038640605635	0.0236842557788	0	3	3	0 
45.mp3	0.976918041706	0	0	0	0	0.000515463936608	0	1.26183140278	92.4592285156	145.440032959	5.61418237339e-05	0.0118400203064	1	5	11	0 
46.mp3	0.91835552454	0	0	0.00412583816797	0.00410889135674	0.0737493559718	0.00410889135674	3.9529607296	90.0314483643	251.686660767	0.000365019019227	0.0247242506593	0	8	8	0 
47.mp3	0.978051245213	0	0	0.0330067053437	0.0319181717932	0.0128932436928	0.0319181717932	1.957716465	161.498947144	288.569244385	0.00466478709131	0.0508519224823	0	5	5	0 
48.mp3	0.972961843014	0	0	0.00515729747713	0.00513075757772	0.00206291908398	0.00513075757772	1.93077361584	103.609825134	281.438690186	4.29545434599e-05	0.00826080329716	1	10	10	1 
49.mp3	0.900433957577	0	0	0.00103092787322	0.00102986581624	0.0221649482846	0.00102986581624	3.38318538666	104.770019531	109.875518799	0.000327524874592	0.0225023813546	1	11	3	1 
5.mp3	0.897997379303	0	0	0	0	0.00825167633593	0	2.50987935066	98.6497497559	126.226089478	0.000216275802813	0.0168060008436	1	13	13	1 
50.mp3	0.765700340271	0.00412371149287	0.00410670600832	0.0453608259559	0.0433032102883	0.0407216511667	0.0433032102883	9.07760620117	94.9136962891	99.3332443237	0.0107498122379	0.107273712754	0	3	3	0 
51.mp3	0.290932863951	0	0	0.00928792543709	0.00920160487294	0.0030959751457	0.00920160487294	4.38889408112	113.927635193	151.871917725	0.000210998667171	0.0111901359633	0	9	4	1 
52.mp3	0.97192633152	0	0	0.0103092780337	0.0102029154077	0.000515463936608	0.0102029154077	2.68792772293	109.991210938	212.259078979	0.000382930884371	0.0271600652486	0	11	12	1 
53.mp3	0.903370738029	0	0	0.0144329899922	0.0142244016752	0.0103092780337	0.0142244016752	3.78998923302	110.451324463	133.470611572	0.000712975277565	0.0203709620982	1	11	11	1 
54.mp3	0.834463775158	0	0	0.0257864873856	0.0251214690506	0.00361010828055	0.0251214690506	4.80639362335	74.6991500854	143.198898315	0.00100878439844	0.0343442335725	1	1	7	1 
55.mp3	0.846756637096	0	0	0	0	0.0773594602942	0	4.36029911041	136.675613403	143.894195557	0.000220709640416	0.0146602215245	1	8	8	1 
56.mp3	0.971949875355	0	0	0	0	0.000515463936608	0	1.08126723766	92.2078552246	210.849853516	5.19916975463e-05	0.0101057039574	1	4	4	1 
58.mp3	0.865783393383	0	0	0.041258379817	0.0395554900169	0.00567302713171	0.0395554900169	3.17572855949	162.096832275	196.641021729	0.00285615911707	0.0550291649997	1	5	5	1 
59.mp3	0.968006253242	0	0	0	0	0.000515729770996	0	1.28334951401	100.407089233	169.288757324	0.000119535812701	0.0184266641736	0	2	3	0 
60.mp3	0.971698343754	0	0	0.062886595726	0.0589312054217	0.000515463936608	0.0589312054217	1.37039542198	98.0184020996	225.575149536	0.000661992293317	0.02973552607	0	3	3	0 
62.mp3	0.914808392525	0	0	0	0	0.00515463901684	0	2.05901694298	153.162322998	217.653396606	0.000176930901944	0.0156210362911	0	13	13	0 
64.mp3	0.966790854931	0	0	0.0268179476261	0.0260992236435	0.000515729770996	0.0260992236435	1.86345088482	119.21749115	180.141815186	0.000306147878291	0.0225611813366	0	11	11	0 
65.mp3	0.947011232376	0	0	0.00825167633593	0.00818334426731	0.0180505421013	0.00818334426731	2.12498641014	88.902053833	251.425415039	0.000325860746671	0.0227019228041	0	2	2	0 
67.mp3	0.953035652637	0	0	0.00412371149287	0.00410672463477	0.0190721657127	0.00410672463477	2.22275161743	116.96988678	297.275939941	0.000267464172794	0.0185101013631	1	11	11	1 
68.mp3	0.917352616787	0	0	0.00515463901684	0.00512806791812	0.000515463936608	0.00512806791812	2.21169281006	95.5512695312	115.506652832	0.000266426766757	0.0211424324661	1	4	4	1 
69.mp3	0.76778280735	0	0	0	0	0.0855670124292	0	4.19692611694	117.633674622	220.603652954	0.000172134881723	0.0165849756449	0	2	2	0 
7.mp3	0.97824037075	0	0	0.171134024858	0.141845747828	0.00515463901684	0.141845747828	1.46495234966	120.050689697	117.906745911	0.0006355822552	0.0370897352695	1	9	1	1 
70.mp3	0.96724396944	0	0	0.00412371149287	0.0041067013517	0.000515463936608	0.0041067013517	1.96849644184	117.50402832	188.077285767	0.000342449377058	0.0199756957591	1	3	3	1 
71.mp3	0.973037958145	0	0	0	0	0.000515729770996	0	1.42392456532	117.544441223	128.771377563	8.55995458551e-05	0.0112868500873	0	11	11	0 
72.mp3	0.921147227287	0	0	0.00206185574643	0.00205761590041	0.00257731950842	0.00205761590041	2.03103876114	145.099182129	298.369262695	5.11575199198e-05	0.0101847518235	0	11	11	0 
73.mp3	0.873529493809	0	0	0	0	0.0536082461476	0	4.96956253052	105.586463928	133.353973389	0.000219117951929	0.0115492837504	0	4	4	0 
74.mp3	0.275789558887	0	0	0.00928313564509	0.00919681228697	0.0938628166914	0.00919681228697	13.4570474625	90.954826355	324.31060791	0.000845713191666	0.0197757314891	1	5	11	0 
76.mp3	0.974224805832	0	0	0.0598246529698	0.056244969368	0.000515729770996	0.056244969368	1.94865131378	96.6455001831	76.7092666626	0.000870636838954	0.0383752584457	1	9	9	1 
77.mp3	0.925731658936	0	0	0	0	0.00103145954199	0	2.31115150452	120.760627747	145.334579468	0.00011242441542	0.0128908436745	0	9	9	0 
78.mp3	0.759206831455	0	0	0.00722021656111	0.0071683251299	0.0428055711091	0.0071683251299	7.30436038971	129.021469116	134.594665527	0.000581233412959	0.0277946256101	1	11	3	1 
79.mp3	0.959249734879	0	0	0.00928313564509	0.00919684581459	0.0221763793379	0.00919684581459	3.2340502739	153.091842651	365.754486084	8.8680855697e-05	0.0122328186408	1	7	7	1 
8.mp3	0.831437945366	0.00206185574643	0.00205763359554	0.0917525738478	0.0833337455988	0.00979381427169	0.0833337455988	3.42479085922	163.654754639	129.248809814	0.00129854062106	0.0364742688835	1	5	11	0 
80.mp3	0.949702441692	0	0	0.0639175251126	0.0598303712904	0.0164948459715	0.0598303712904	4.1300983429	166.006378174	292.695037842	0.0053474130109	0.076649338007	0	11	11	0 
81.mp3	0.974173426628	0	0	0	0	0.00309437862597	0	2.2419629097	122.773078918	218.226608276	0.000128320374642	0.0160566996783	0	11	11	0 
82.mp3	0.952736973763	0	0	0.00309437862597	0.00308476877399	0.0242392979562	0.00308476877399	3.84709596634	91.1275558472	78.0266723633	0.000847555580549	0.0281774587929	1	5	5	1 
83.mp3	0.631015896797	0	0	0.0123775145039	0.012223941274	0.0103145949543	0.012223941274	2.54230260849	128.877670288	260.648925781	0.000875626399647	0.0220516957343	0	8	13	1 
84.mp3	0.916654407978	0	0	0.00103092787322	0.00102986651473	0.010824742727	0.00102986651473	2.33657670021	165.101531982	293.105560303	0.000218905799557	0.0147365033627	1	11	11	1 
85.mp3	0.91652983427	0	0	0.0123775145039	0.0122239338234	0.00154718931299	0.0122239338234	1.6680958271	162.49130249	226.039794922	0.000416261871578	0.0185351520777	1	11	11	0 
86.mp3	0.827871620655	0	0	0.021649485454	0.0211810432374	0.0494845360518	0.0211810432374	5.16413259506	99.1091842651	329.854248047	0.000447382044513	0.0249747950584	1	11	11	0 
87.mp3	0.983008384705	0	0	0	0	0.000515463936608	0	1.10085737705	96.1284637451	111.790802002	8.41822984512e-05	0.0125344740227	1	11	11	0 
88.mp3	0.970928192139	0	0	0.122743681073	0.10767596215	0.00979886576533	0.10767596215	2.21205234528	129.800140381	239.437423706	0.00108070019633	0.0434714704752	0	5	11	0 
89.mp3	0.870314896107	0	0	0.0247422680259	0.024129031226	0.0247422680259	0.024129031226	3.85779285431	84.622718811	165.79876709	0.000355393247446	0.0173622965813	0	3	3	0 
90.mp3	0.839530289173	0.0092783505097	0.00919215381145	0.0505154654384	0.0479618981481	0.0268041230738	0.0479618981481	6.47357273102	97.2005233765	162.847869873	0.00515618920326	0.065320700407	0	13	5	0 
91.mp3	0.797469556332	0	0	0.0237113405019	0.0231490265578	0.0845360830426	0.0231490265578	7.6245007515	118.093452454	270.670471191	0.00117813085672	0.0437851659954	0	13	12	0 
92.mp3	0.968133091927	0	0	0	0	0.000515463936608	0	1.58021914959	101.780517578	155.5340271	8.24143135105e-05	0.0100254667923	1	11	11	1 
93.mp3	0.92454791069	0	0	0.0422680415213	0.0404809713364	0.00515463901684	0.0404809713364	1.98368906975	89.7833099365	195.119720459	0.000570817443077	0.0380280017853	1	5	11	0 
95.mp3	0.435122191906	0	0	0.0134020615369	0.0132223358378	0.0324742272496	0.0132223358378	3.0117225647	178.205871582	90.8869400024	0.000822380068712	0.0201655235142	1	9	1	1 
96.mp3	0.690027415752	0.00103092787322	0.00102986569982	0.00515463901684	0.00512807583436	0.0737113431096	0.00512807583436	3.44100117683	151.966156006	396.436279297	0.000606884248555	0.0190976504236	0	3	3	0 
98.mp3	0.759696364403	0	0	0.00103092787322	0.00102986651473	0.0154639175162	0.00102986651473	3.88739562035	149.62348938	147.105560303	0.000184552700375	0.0116674685851	0	5	9	1 
99.mp3	0.959844529629	0	0	0.0103145949543	0.0102084483951	0.000515729770996	0.0102084483951	2.03022074699	125.643013	195.140518188	0.000274499790976	0.0193951576948	0	3	9	1 
