0.548542 0.523357
0.397401 0.454564
0.371671 0.385984
0.393714 0.440242
0.393536 0.401837
0.279902 0.312558
0.549902 0.520956
0.349540 0.482875
0.203293 0.266118
0.212736 0.333730
0.501195 0.493406
0.362053 0.389419
0.528271 0.528591
0.520778 0.513952
0.272474 0.374847
0.517623 0.504357
0.293578 0.399843
0.263172 0.438416
0.445602 0.464475
0.347981 0.487521
0.509776 0.499576
0.311998 0.379134
0.435877 0.431323
0.361679 0.457444
0.655439 0.594941
0.415401 0.472697
0.592772 0.552906
0.470402 0.465442
0.472122 0.477008
0.360860 0.397123
0.438927 0.448628
0.531282 0.537351
0.440448 0.453183
0.441244 0.472212
0.140344 0.274282
0.389213 0.469757
0.528584 0.500024
0.440469 0.447228
0.563543 0.527859
0.582244 0.549120
0.540463 0.545346
0.603230 0.573527
0.480435 0.479385
0.520302 0.517296
0.635949 0.587991
0.635497 0.592251
0.461955 0.485735
0.516342 0.506887
0.456248 0.512396
0.578122 0.568596
0.472239 0.484846
