0.378117 0.373604
0.246770 0.303571
0.317408 0.394254
0.343876 0.457678
0.162130 0.197908
0.227371 0.280616
0.370333 0.383081
0.229358 0.330076
0.203655 0.260446
0.216072 0.281810
0.449701 0.469899
0.335789 0.397028
0.363412 0.394368
0.456879 0.502729
0.252248 0.353807
0.451250 0.493666
0.179627 0.224731
0.141816 0.299148
0.376715 0.438648
0.091733 0.219870
0.436667 0.474404
0.212837 0.269646
0.275450 0.326576
0.267808 0.337737
0.507467 0.319323
0.297889 0.389018
0.542604 0.561746
0.394653 0.409089
0.231357 0.312461
0.225425 0.270782
0.315030 0.376052
0.351608 0.412190
0.290387 0.344781
0.356169 0.428243
0.197216 0.334687
0.305394 0.402568
0.329303 0.349039
0.353320 0.408345
0.498563 0.469214
0.444569 0.420571
0.464370 0.572552
0.456572 0.475976
0.415245 0.470886
0.470628 0.555844
0.532340 0.522023
0.634738 0.676327
0.403830 0.495203
0.444442 0.477563
0.418360 0.510916
0.478596 0.533055
0.577422 0.760159
