0.513646 0.494571
0.363454 0.428090
0.363237 0.412308
0.355455 0.424323
0.342569 0.432415
0.243394 0.318469
0.511772 0.483004
0.329485 0.441252
0.185245 0.244069
0.197670 0.305427
0.485095 0.485170
0.293616 0.407574
0.509190 0.498307
0.518827 0.500693
0.264647 0.328335
0.486847 0.477693
0.252227 0.351491
0.262990 0.391776
0.450904 0.463234
0.365411 0.419454
0.496904 0.492313
0.268587 0.369677
0.411825 0.443897
0.329764 0.416122
0.574915 0.541115
0.410593 0.395322
0.547502 0.520895
0.458890 0.469621
0.455054 0.433766
0.356280 0.421364
0.421473 0.434063
0.497138 0.497935
0.418378 0.470882
0.440038 0.474465
0.052416 0.316732
0.376455 0.444810
0.495961 0.461648
0.414534 0.460845
0.526448 0.504532
0.547749 0.517038
0.521222 0.503285
0.567833 0.525368
0.459435 0.485870
0.506081 0.480983
0.574159 0.527714
0.568000 0.527376
0.446464 0.476209
0.497245 0.497493
0.463269 0.469168
0.546919 0.513075
0.441489 0.436954
