3.238684 3.117571
3.260268 3.297142
5.470058 5.656442
5.459813 5.197260
5.856229 5.874543
3.682572 3.988843
4.203054 4.548000
6.073524 6.229983
3.567514 3.794406
4.951063 5.165782
5.198941 4.750680
5.147256 4.663407
5.382348 6.411617
5.159061 4.678925
4.092742 4.657632
5.228269 4.789453
5.198409 4.749517
3.839248 4.253560
3.571163 3.703493
5.149067 6.072923
5.193390 4.741079
7.307270 5.159429
4.241704 4.596841
4.938245 4.266862
5.069018 4.525929
6.531882 4.384197
5.047986 4.486573
5.220834 4.350649
4.155898 4.783871
5.508758 5.274218
5.166120 4.694581
3.906597 4.367340
4.263658 4.629339
3.371773 3.124356
4.784658 4.562415
4.138221 4.757563
3.005908 3.140895
4.966683 5.768492
6.509261 4.523174
3.783573 4.159490
5.230204 4.351701
4.948665 4.327298
5.181127 4.719109
5.097417 4.578978
5.707479 5.609774
5.498859 5.257406
5.204564 4.760056
3.436378 3.563509
5.153782 4.673866
5.044332 4.378926
