Mine:
0.428571428571 0.4 0.413793103448
0.642857142857 0.6 0.620689655172
0.333333333333 0.307692307692 0.32
0.7057142857 1.48583900235
2.355963719 2.3686961452


NMF
0.444444444444 0.266666666667 0.333333333333
0.444444444444 0.266666666667 0.333333333333
0.285714285714 0.153846153846 0.2
5.44825397 3.35666667
6.09562358 3.61437642

Foote
0.285714285714 0.266666666667 0.275862068966
0.428571428571 0.4 0.413793103448
0.166666666667 0.153846153846 0.16
3.82285714 3.483888885
4.35287982 4.08786848