Mine:
0.25 0.384615384615 0.30303030303
0.35 0.538461538462 0.424242424242
0.166666666667 0.272727272727 0.206896551724
1.614716553 3.6008276644
13.532244898 8.04078231295


nmf
0.142857142857 0.153846153846 0.148148148148
0.428571428571 0.461538461538 0.444444444444
0.0833333333333 0.0909090909091 0.0869565217391
3.5463492 2.81546485
4.515351 4.00489795


foote:
0.333333333333 0.230769230769 0.272727272727
0.666666666667 0.461538461538 0.545454545455
0.285714285714 0.181818181818 0.222222222222
5.4039456 1.421406
10.0076644 1.421406
