Mine

0.416666666667 0.357142857143 0.384615384615
0.916666666667 0.785714285714 0.846153846154
0.3 0.25 0.272727272727
0.9581972789 0.70861678002
1.04761904765 0.9581972789




0.266666666667 0.285714285714 0.275862068966
0.6 0.642857142857 0.620689655172
0.153846153846 0.166666666667 0.16
1.24238095 1.46945578
1.55031746 1.63117914


Foote
0.555555555556 0.357142857143 0.434782608696
0.888888888889 0.571428571429 0.695652173913
0.428571428571 0.25 0.315789473684
1.79924036 0.40133787
3.11419501 0.99970522